3548
1274	1275	135
555	564	4
2368	2403	110
1010	74	4
2315	2324	121
1508	11	4
1605	1605	2
1782	1786	4
1425	1440	62
1631	684	99
2353	1841	4
1678	1684	6
1549	37	4
1274	68	4
1168	80	4
2027	2055	20
417	443	60
1912	992	4
1442	11	4
708	691	4
769	795	9
679	684	99
584	595	9
369	362	4
1442	1459	9
2200	556	72
723	715	101
1054	64	4
266	284	36
1868	1879	122
651	287	37
288	24	25
2212	35	204
1740	35	111
2096	2105	57
1054	24	10
1648	783	4
2260	821	103
1261	52	4
1	4	3
1238	37	4
1238	80	4
1868	992	4
1541	541	4
1096	1105	20
1316	1327	152
1733	37	4
1862	1849	108
1330	35	147
640	534	4
982	983	112
1720	783	4
2096	366	4
23	110	19
708	690	4
524	533	4
651	536	4
1287	82	13
288	347	9
1194	82	13
947	952	121
23	69	4
2353	1839	4
1462	361	4
2212	2237	73
1631	689	4
2335	875	4
888	897	116
1425	1432	9
1042	1047	9
2368	2386	109
2181	644	4
651	661	88
1261	1267	2
2211	2212	19
1498	57	4
2315	2326	124
417	361	4
1134	1167	20
1563	536	4
1983	2009	20
651	565	75
769	784	4
23	58	4
2295	877	4
2212	35	84
2112	448	4
1194	1228	135
1823	1848	184
1029	958	9
232	74	4
2200	565	75
1316	362	4
2112	2122	60
1968	41	4
408	367	4
1378	365	4
266	13	4
1194	54	4
2254	717	103
917	937	9
2139	452	4
1733	63	4
1042	1053	126
2077	398	3
2139	447	4
1769	872	4
584	588	49
1924	63	4
209	64	4
1096	1106	18
417	426	9
2139	2144	4
149	82	28
602	608	4
827	691	4
288	326	45
679	701	9
1134	1143	9
917	936	9
2288	2293	9
1924	1963	4
1508	534	4
1519	1521	37
1613	540	4
1238	6	4
369	370	2
524	528	70
496	504	9
1900	877	4
1720	782	4
1823	1841	4
1168	1176	21
2027	24	25
2112	82	50
2315	2326	34
751	45	4
857	690	4
1720	691	4
458	471	9
1274	1284	6
2112	2126	62
2278	2279	97
1613	548	4
822	814	97
348	357	46
1096	1098	4
1462	1471	9
1287	1294	4
1168	1183	138
232	259	4
1733	783	96
626	275	4
2368	2370	116
191	208	6
1274	1282	20
1924	1935	9
1029	936	9
1096	1107	6
166	174	21
2212	2228	9
1462	1487	4
1541	532	4
1519	565	75
1287	6	4
662	663	92
1316	361	4
1287	1305	9
1769	1777	169
2181	564	4
769	791	9
546	275	4
2353	11	4
1849	1858	110
524	545	71
524	530	4
288	77	4
23	57	4
2288	852	103
1134	1147	134
2181	74	4
917	942	121
1347	1353	46
408	364	4
1823	1842	9
408	362	4
1316	1322	9
1194	68	4
288	54	4
985	982	108
555	561	70
1613	541	4
1404	1424	2
2278	743	101
1782	1797	9
2172	11	4
814	819	100
116	148	4
1533	1536	70
1648	1655	23
2260	74	4
2335	2341	9
381	361	4
990	1007	9
1378	11	4
640	641	4
2353	1272	184
1378	366	4
1316	35	147
1442	361	4
1720	783	96
2212	2214	6
2295	2304	34
2077	2079	9
1769	1779	9
769	689	4
209	11	4
947	954	121
1804	877	4
1533	1533	6
1194	1225	15
2353	1839	4
1740	874	4
524	536	4
546	532	4
1404	1412	57
23	29	11
1924	1938	9
769	808	9
1364	1372	36
1574	1563	31
1533	538	4
546	534	4
651	541	4
2096	457	4
2269	687	100
1287	1301	4
947	963	123
116	134	4
1782	872	4
626	35	85
1769	1774	116
1519	536	4
840	689	4
990	993	4
947	923	4
1119	82	28
288	330	9
827	832	98
1462	450	4
1194	1207	9
417	450	4
602	533	4
1442	82	50
917	922	120
571	275	4
1119	1125	9
571	537	4
2096	450	4
369	371	4
23	71	4
1274	45	4
1119	41	4
1804	1810	115
2278	2281	9
840	856	104
2254	2259	98
1134	54	4
1194	1149	4
232	65	4
1912	875	4
191	201	9
1096	11	4
857	689	4
266	14	4
827	837	104
965	923	4
2295	878	4
1924	65	4
2027	2041	35
1096	54	4
417	439	44
888	900	9
723	11	4
1347	1360	46
417	437	44
769	782	4
2295	2307	9
1054	1057	9
524	541	4
166	105	9
769	776	107
947	959	9
1983	1997	9
2112	363	4
1238	52	4
769	796	9
1010	1014	110
640	533	4
1508	564	4
1465	1462	43
513	510	47
1404	1411	22
1968	41	4
1851	1849	109
1395	1391	48
2260	2265	4
857	864	2
266	273	4
524	543	22
1378	1383	2
1010	1012	122
2062	2068	9
1549	11	4
417	451	4
2278	2287	22
2288	11	4
1287	41	4
1541	533	4
116	54	4
1868	1895	4
739	748	102
191	194	6
2288	841	101
917	923	4
2260	2267	2
739	690	4
2112	2118	2
2260	1634	4
232	41	4
408	361	4
990	1001	113
2260	815	4
1261	57	4
947	35	111
1010	875	4
679	683	6
1613	536	4
476	477	58
1968	1972	21
1054	1079	4
857	863	107
1924	40	4
417	445	61
1631	1644	2
1	3	2
917	874	4
1194	35	26
626	638	4
1678	782	4
1010	1017	9
2269	2276	4
662	616	4
1010	11	4
1238	45	4
149	41	4
1823	1836	4
2062	2067	9
1347	1354	46
2212	2216	4
2112	2117	57
2295	37	4
116	135	4
1065	1054	131
2254	2255	2
2139	2151	4
1119	1126	9
917	921	6
2027	24	27
1657	744	4
2181	2182	90
555	534	4
1849	1861	116
1709	783	4
2368	2388	113
1462	1463	22
2077	2094	46
662	536	4
870	886	9
1261	65	4
1274	73	4
1194	1222	15
751	754	98
1378	361	4
2368	2401	4
2288	2291	2
149	45	4
1010	1028	113
1168	1186	16
1287	40	4
166	54	4
1751	37	4
1261	1265	9
1709	11	4
1287	1296	4
2315	2316	4
1287	1295	4
840	846	9
1287	1298	4
1316	1317	153
476	448	4
679	692	4
1398	1391	47
1782	1802	9
708	712	23
584	82	80
1678	1681	107
2139	363	4
1194	1203	4
1364	1374	56
369	374	36
369	373	47
1699	1700	9
1769	1772	122
2335	1874	113
651	659	73
1404	365	4
626	540	4
2181	2198	9
1498	556	72
2172	537	4
458	275	4
232	234	16
2243	535	4
2172	536	4
1462	82	50
2254	2258	98
917	932	4
1378	1383	6
2162	2139	43
1690	1696	9
1238	1251	4
2254	680	4
149	82	13
1287	1291	21
348	362	4
1541	542	4
2200	556	74
2112	2115	9
1168	257	4
1274	1284	2
2260	820	103
2096	2099	4
1194	1148	4
2200	1051	37
209	41	4
1364	361	4
1519	556	72
1631	45	4
651	538	4
288	306	4
1287	52	4
571	572	4
510	523	2
1678	11	4
1404	448	4
1391	1397	36
1983	1995	9
1096	105	9
2181	2183	90
2315	2328	9
2181	37	4
555	537	4
1709	689	4
2200	535	4
1	17	7
1364	1373	47
288	43	4
417	420	57
1868	1894	4
1194	6	4
1983	2020	4
888	889	108
584	536	4
1168	45	4
1442	1447	57
1330	361	4
1563	1585	73
1968	1970	16
116	64	4
1924	1926	6
1740	873	4
2127	2134	6
947	934	9
1849	1861	115
1648	691	4
2212	2242	210
2335	2336	116
1364	1370	9
1168	57	4
2288	2290	97
1466	1462	43
1541	1544	70
840	11	4
1029	874	4
1563	37	4
2127	2133	57
1571	1563	31
1119	1129	6
2315	2321	125
1924	71	4
1330	1333	150
1287	41	4
917	935	9
496	361	4
1668	743	4
1391	1400	9
1508	549	4
348	362	4
1804	1815	9
2353	2362	9
1541	556	74
1983	45	4
1804	1816	9
1624	532	4
1533	536	4
626	536	4
662	534	4
1924	24	25
1316	1319	146
1868	1874	113
2353	2357	4
1029	872	4
408	415	9
2200	564	4
546	554	37
1096	41	4
2368	2399	4
116	63	4
1096	74	4
917	940	121
1238	1189	9
1868	1872	113
1983	68	4
393	406	9
496	498	4
1740	1743	112
814	680	96
1631	692	4
1709	1717	99
679	687	100
1462	1489	4
2315	2330	9
1577	1563	31
1054	1074	4
965	978	6
1054	1064	9
1404	361	4
584	592	9
1519	1524	22
2212	82	206
2368	2398	4
888	914	117
1238	1245	9
2368	2394	4
458	457	4
896	888	108
1648	1648	9
1029	1039	9
2278	680	96
1	12	4
947	877	4
209	41	4
1498	558	69
546	530	4
2062	54	4
1631	1642	23
1613	1623	4
2243	2246	22
232	265	4
524	524	2
1868	1875	110
769	774	98
1968	24	25
870	877	4
626	627	9
116	11	4
1569	1563	31
1	6	4
1601	1563	19
1519	1528	9
1549	1559	9
496	366	4
1287	74	4
209	24	27
2139	2152	4
555	566	71
1054	1091	22
1238	1246	9
1287	1288	19
662	665	37
1238	1247	9
2172	1196	37
965	970	9
1924	1952	4
2062	71	4
584	536	4
1274	65	4
1804	1811	122
1096	1110	9
1751	1763	168
1134	105	9
1968	1977	6
1287	1290	16
232	82	13
1549	644	4
1119	1123	9
2212	550	4
1119	41	4
1330	362	4
2254	716	4
870	35	111
870	883	110
369	362	4
232	43	4
1720	11	4
1709	1714	9
1804	872	4
1699	11	4
1613	1615	70
2027	41	4
288	325	16
1261	11	4
2288	689	4
626	556	74
1613	565	75
2368	2377	9
602	615	4
1868	1897	4
888	911	4
1740	1750	110
1391	1395	47
1287	57	4
1924	1958	4
965	974	9
1010	35	111
2112	361	4
723	724	6
23	111	20
1733	1717	99
1519	533	4
1983	74	4
751	761	9
23	70	4
2368	2370	115
840	691	4
1194	1201	4
2172	2176	69
2139	2143	4
1316	1321	9
888	893	110
1508	556	72
982	981	108
1852	1849	109
2243	2252	9
1316	565	154
2243	549	4
23	41	4
1261	1270	38
965	967	9
1733	784	4
1678	689	4
1168	1183	127
2127	2131	62
288	297	4
2062	2070	9
1782	874	4
2027	2054	9
1287	24	25
2212	530	4
2139	2156	57
1054	1066	130
393	404	55
1498	1507	73
1096	9	4
2254	715	101
990	37	4
23	87	9
1912	80	4
2368	2369	115
1605	1606	162
1134	1135	9
288	300	4
571	536	4
476	363	4
1378	1384	36
1054	57	4
1010	1018	9
2212	74	4
584	597	79
2368	2408	169
1391	361	4
2368	2384	118
1631	1639	9
857	866	100
1983	2024	4
393	361	4
602	625	9
2278	2285	107
1194	73	4
149	160	6
1194	63	4
432	417	43
2368	35	111
827	692	4
116	117	20
769	772	104
2056	2027	198
381	361	4
2254	692	4
2212	57	4
288	9	4
1054	1076	4
1134	1146	6
116	122	9
266	276	4
708	715	4
2315	2320	4
1782	1789	173
917	946	124
2295	911	4
2181	2196	9
2200	534	4
1425	1439	62
1274	1278	16
1983	9	4
1624	1624	6
232	236	20
408	410	6
1134	1167	20
23	48	4
1010	872	4
348	361	4
679	680	4
1442	454	4
369	377	15
476	361	4
2335	2346	9
2096	363	4
116	82	28
1194	1206	9
1096	1107	2
640	644	4
1733	74	4
1533	1538	23
1010	1027	118
1330	1335	49
1425	361	4
2278	2283	2
679	700	9
288	293	4
2062	24	27
1924	1925	6
602	534	4
496	501	9
431	417	43
571	573	4
584	594	9
2200	37	4
1010	907	4
1563	556	72
2139	2167	9
1699	1702	6
2172	536	4
2353	1834	4
602	11	4
1519	1522	37
1823	1846	9
2212	2217	202
510	517	9
458	11	4
2260	692	4
814	690	4
626	635	89
1330	1340	9
1364	371	4
888	890	113
2181	2181	6
769	692	4
2006	1983	193
149	57	4
1462	361	4
2139	275	4
191	198	16
1720	1732	101
1054	1061	9
1567	1563	31
965	968	9
1194	11	4
1657	743	4
651	651	2
1868	1899	4
393	405	9
626	35	84
947	958	9
2181	35	161
1194	1215	16
1563	1580	23
769	800	9
1096	1103	4
209	210	20
626	628	9
1983	1998	110
1823	1823	2
1699	691	4
23	99	9
1274	41	4
476	82	50
1042	1046	9
1849	875	4
1316	361	4
1849	1850	2
369	370	6
1042	1048	9
2139	2160	22
1868	1881	112
2062	2072	2
1010	37	4
2335	2337	2
209	220	4
191	203	9
1605	57	4
1868	1892	4
2200	2210	201
1668	1669	23
1519	534	4
232	255	4
1378	1388	15
1709	1716	9
2139	2146	4
1740	878	4
239	232	34
1404	366	4
769	775	101
1823	1785	4
1168	1177	4
947	926	4
2243	533	4
2077	364	4
476	480	60
1054	1086	4
769	779	107
1733	1737	98
1849	1850	6
149	24	25
232	233	2
166	24	25
209	227	9
1654	1648	97
2127	11	4
209	224	9
662	536	4
1519	529	4
288	333	9
2181	646	4
191	41	4
888	904	9
739	746	9
1194	1198	6
2269	2273	9
1404	1410	61
2295	875	4
1010	1021	9
870	871	4
555	563	70
990	877	4
1678	1680	107
1519	275	4
584	590	49
1868	1884	9
2335	874	4
1983	2026	4
1519	1532	86
191	11	4
1769	1771	2
2335	2339	122
1274	1148	4
769	809	9
1194	1199	6
288	37	4
288	318	42
947	960	9
1134	41	4
2278	744	4
679	707	104
1498	74	4
571	530	4
1769	1774	115
458	454	4
2027	2040	35
1508	536	4
1720	689	4
723	680	96
708	680	4
1804	1822	118
739	743	101
2139	361	4
191	192	19
191	194	2
1168	41	4
1134	41	4
476	481	60
116	117	20
708	704	102
1533	565	75
1613	35	84
1168	37	4
1668	1677	98
1364	361	4
1924	41	4
965	872	4
708	689	4
417	361	4
1769	907	4
116	9	4
1533	535	4
1782	1800	9
2368	2391	122
626	632	86
917	394	119
990	873	4
1983	1984	22
2139	2171	23
2027	2051	9
1924	6	4
2335	907	4
1425	11	4
1042	1043	124
1010	1022	9
1605	1612	9
1134	1141	9
149	157	9
1709	37	4
1462	363	4
1823	1831	127
1605	550	4
1364	1371	6
2288	680	4
917	933	9
1168	54	4
1134	1152	16
723	687	100
2127	2137	9
2315	2332	9
288	82	13
369	376	9
2260	2262	4
1533	275	4
1912	871	4
947	949	2
2368	1750	110
2139	365	4
2077	2095	46
571	583	9
1924	1929	16
1096	64	4
1549	1552	4
626	534	4
2077	366	4
1287	41	4
2368	1820	9
1624	37	4
1823	872	4
166	41	4
2315	2323	121
2269	2277	103
1364	363	4
266	280	4
2368	2376	9
1096	45	4
827	828	9
524	526	69
857	867	9
2260	2267	6
840	704	102
476	11	4
1924	1950	20
496	508	6
1605	556	72
1238	1258	16
524	544	9
408	361	4
393	401	4
888	872	4
1287	80	4
584	35	77
769	810	22
1823	1847	184
1924	1962	4
1	10	4
1347	362	4
1823	1843	9
1849	11	4
1849	1863	113
1096	1099	4
1425	1426	44
1404	361	4
510	520	4
1168	1191	9
546	537	4
288	307	4
209	82	13
166	188	9
1805	1804	109
1	11	4
814	814	2
2027	2042	22
1194	41	4
23	44	4
1868	1877	122
1624	1624	2
1378	363	4
23	106	9
2315	74	4
1751	1755	4
1740	11	4
1570	1563	31
288	65	4
1168	1174	139
584	593	9
1983	11	4
496	362	4
23	56	4
2077	361	4
288	41	4
1168	1181	2
2260	2264	4
209	215	4
209	71	4
1912	876	4
1613	564	4
1054	1083	4
990	11	4
1549	536	4
1983	2021	4
857	860	107
1804	1810	116
888	903	9
1010	1026	6
1541	530	4
288	323	23
1678	839	101
288	24	41
2278	1663	103
769	770	6
1194	1221	15
1386	1378	47
1194	1198	2
288	313	6
1709	1718	2
1668	1671	2
990	82	114
769	813	106
888	74	4
1316	1317	143
1699	690	4
1194	24	25
524	525	23
1010	909	4
1508	57	4
1168	1180	4
769	11	4
191	202	9
2027	2032	23
947	957	9
288	312	31
1404	1408	9
888	898	115
1508	556	74
1194	65	4
1168	665	19
857	749	100
1657	749	100
626	529	4
739	692	4
288	314	6
2200	11	4
1316	35	145
723	729	23
888	874	4
1462	1490	4
2062	2066	9
1238	41	4
1751	80	4
510	516	67
1631	74	4
1624	275	4
2127	366	4
1498	1505	70
982	988	110
116	119	9
2260	690	4
1541	565	75
1804	1808	180
857	11	4
417	281	4
1096	24	25
2096	2101	6
769	797	9
1274	1276	15
1442	366	4
1624	530	4
1498	548	4
1010	1025	9
2353	2365	9
209	217	4
1751	618	4
1624	538	4
546	538	4
1678	1685	98
348	353	46
1983	2010	3
1119	1122	9
209	230	6
2172	2175	69
1134	59	4
1983	1985	190
417	448	4
2096	2103	22
2181	35	85
1541	564	4
1508	74	4
1605	541	4
2172	534	4
947	874	4
917	618	4
1134	1157	135
2288	690	4
1519	1051	37
1316	1325	49
288	322	43
1769	1781	9
917	918	2
116	65	4
417	444	60
1054	1071	20
1924	1961	4
1968	1969	6
739	680	4
191	41	4
1425	366	4
1385	1378	48
1599	1563	19
1678	783	96
191	205	9
381	366	4
626	538	4
1733	691	4
209	218	4
2335	2342	9
149	150	9
1919	1912	109
458	461	4
232	6	4
1391	366	4
417	428	9
1168	11	4
417	11	4
1900	80	4
2127	2138	23
2212	35	209
1010	1015	4
23	81	4
1316	11	4
917	943	121
1425	1431	6
2368	877	4
1690	839	101
209	219	4
1378	1387	15
1983	2000	21
232	37	4
1347	1349	9
1605	1607	166
651	653	86
2096	365	4
1648	692	4
166	170	4
116	141	4
1983	1986	23
555	565	75
723	733	9
769	807	9
1029	11	4
888	910	4
1983	1279	9
1823	1827	22
679	685	22
381	387	15
1699	1704	9
266	11	4
1010	1011	122
1462	1479	61
2027	2055	20
417	366	4
1782	11	4
2077	2084	9
1533	196	37
1316	1320	9
1912	1922	186
751	759	9
840	851	22
2260	687	100
2368	2400	4
1425	448	4
2243	2248	70
209	210	20
510	363	4
2027	2031	138
965	979	127
1699	1702	2
1605	35	85
679	705	23
679	691	4
651	534	4
417	419	6
739	747	9
2127	322	58
602	275	4
1983	1994	9
1541	556	72
1533	526	69
1563	530	4
947	961	9
769	793	9
751	754	9
2243	530	4
1054	1078	4
23	45	4
990	995	4
2368	2389	34
1404	1414	59
602	612	4
116	125	9
1924	41	4
2335	11	4
965	877	4
602	604	6
1134	1150	6
827	834	103
1533	1534	9
602	604	2
662	667	93
348	11	4
2243	74	4
1624	556	72
2027	9	4
1968	1969	2
209	59	4
751	74	4
1804	875	4
1238	1256	20
1054	1089	4
496	507	49
1924	1944	9
116	24	27
266	12	4
857	865	97
879	870	108
840	853	23
1968	43	4
1549	556	74
2260	1635	4
651	11	4
602	607	4
1690	835	101
769	804	9
2260	680	4
348	352	46
708	720	2
2269	692	4
1029	1038	9
1804	907	4
2172	541	4
2243	2243	2
232	63	4
870	875	4
1174	1168	137
2295	2297	110
1613	1618	22
1912	877	4
510	513	65
1274	1286	6
1054	1081	4
814	692	4
1900	1911	4
1740	1745	9
2027	2057	38
1096	1104	4
1733	748	102
393	398	3
23	59	4
965	980	2
417	447	4
166	178	9
149	159	9
1347	1350	9
288	24	39
1096	50	4
2181	2188	22
1563	540	4
1347	364	4
1519	11	4
1261	24	25
1498	556	74
888	82	114
1592	1563	19
1042	1044	121
209	213	4
2181	2194	200
1425	365	4
1983	2014	4
369	11	4
2254	687	100
814	820	103
2181	536	4
1042	926	4
1134	9	4
1261	1268	33
1508	1509	6
2077	2078	9
739	11	4
546	548	4
1054	41	4
1900	872	4
917	931	4
640	11	4
1648	1651	103
23	41	4
1	13	4
2295	74	4
990	1005	9
1134	1159	135
881	870	109
381	362	4
990	910	4
1134	1162	15
393	361	4
417	424	9
381	385	46
2243	534	4
1924	1960	4
1769	1772	34
1096	6	4
769	80	4
870	880	6
348	349	2
1868	1889	9
2212	535	4
1274	1277	21
1782	1803	179
266	279	4
827	782	4
840	855	98
1613	529	4
584	589	49
1823	1825	3
1740	1748	2
1549	1554	90
23	39	4
1751	1765	121
2062	2075	20
288	319	42
23	105	9
1657	1667	97
1054	1092	31
1823	1783	4
602	536	4
769	780	107
1868	1869	6
2340	2335	108
1709	1712	98
1287	1312	9
2243	564	4
546	550	4
476	493	62
2269	2272	9
1274	41	4
1462	1472	9
1194	1233	22
1261	1264	9
2077	2093	46
1733	835	103
1868	1888	9
1519	1527	9
840	847	9
116	133	4
626	637	4
1391	1393	15
458	361	4
870	878	4
1912	1921	109
232	45	4
2027	2048	9
1924	52	4
1194	1223	15
1868	874	4
2212	11	4
1868	1887	9
1462	1482	57
1316	1329	151
1096	1118	133
708	717	103
2260	689	4
1690	783	4
116	41	4
1462	1480	61
1594	1563	19
1010	1016	4
393	397	53
116	131	16
1462	1473	9
2353	1828	169
232	253	4
1168	1185	6
2212	538	4
2139	2159	44
1624	533	4
651	658	23
917	925	4
739	741	6
1347	366	4
510	515	3
1782	1785	4
769	37	4
555	538	4
149	11	4
2077	2085	9
1541	532	4
1404	1419	60
1168	41	4
1134	1160	29
1563	564	4
23	100	9
1238	1254	4
288	292	4
1924	1933	9
1462	1492	4
1519	540	4
1442	1453	4
1605	530	4
417	433	44
1699	687	100
1168	71	4
2212	2233	23
1868	82	114
1096	71	4
751	762	9
116	129	6
1442	365	4
2353	2360	6
1751	909	4
1274	82	13
2212	556	72
708	719	6
2295	910	4
584	534	4
1709	691	4
870	882	110
1782	1783	4
1287	1310	9
708	692	4
1054	1062	9
870	872	4
1347	368	4
209	221	6
2027	263	4
739	744	4
1533	533	4
1404	1420	60
1010	80	4
496	502	9
2243	538	4
840	714	99
1054	1058	9
2139	2154	59
1442	446	4
1868	1876	110
2368	2385	118
1605	548	4
2368	2395	4
1740	1741	6
417	419	2
1238	54	4
288	296	4
1462	1486	4
1054	1071	132
1541	536	4
1462	281	4
1849	877	4
408	413	2
751	80	4
1624	540	4
23	11	4
1508	541	4
555	558	69
651	556	74
2371	2368	109
288	317	42
1900	874	4
496	497	47
1657	1666	9
870	871	4
1690	1693	2
2295	872	4
640	640	2
723	727	105
1968	1975	4
1330	366	4
1900	1909	4
2368	2379	9
2181	2181	2
1425	1429	57
1549	1562	2
1823	1823	6
2139	448	4
288	298	4
393	400	54
2315	2315	6
2315	2319	4
2027	2050	9
2005	1983	193
1720	1729	104
2200	538	4
2027	2037	197
1983	82	13
1134	6	4
2181	556	74
1462	1497	62
1849	1851	108
1868	11	4
1823	910	4
2212	35	203
739	691	4
917	74	4
751	757	97
870	879	109
769	777	107
2212	2230	9
1657	1665	9
965	976	121
2027	2043	9
2027	45	4
1747	1740	109
1968	80	4
1868	909	4
1054	1072	2
1238	9	4
917	275	4
1261	9	4
458	475	57
412	408	56
1849	1859	110
209	74	4
369	361	4
1924	1928	187
1823	1786	4
2243	37	4
947	951	121
1733	689	4
2212	2225	69
1566	1563	31
23	36	2
232	263	4
1096	63	4
546	11	4
2335	911	4
166	179	9
149	155	9
1519	536	4
1462	1483	57
870	880	2
191	82	13
602	605	81
1699	849	4
990	1002	2
288	295	4
1029	1030	6
1900	11	4
1238	1253	4
571	535	4
1631	1634	4
1983	6	4
2172	2173	71
1924	1965	4
2278	2286	98
1678	691	4
1194	1213	134
2139	361	4
1576	1563	31
1364	1376	49
2295	35	111
662	612	4
116	145	4
2315	281	4
417	456	4
1236	1194	140
1238	1243	6
1404	1405	44
2295	2311	9
209	65	4
888	80	4
2027	2046	9
1261	1273	19
1533	545	71
2027	82	28
1631	11	4
2027	2060	4
1316	35	147
1804	1817	9
2096	449	4
1690	1692	6
1709	1719	4
1404	1422	60
1823	909	4
417	442	60
476	484	23
2353	2360	2
723	691	4
1657	1661	107
1648	11	4
288	248	9
1508	275	4
288	219	4
1287	1308	9
1347	1357	46
1563	1579	4
1605	1610	88
888	35	111
2027	2039	35
1194	59	4
232	64	4
1168	64	4
149	164	16
888	902	9
23	74	4
1330	1346	6
524	532	4
23	66	4
1699	1703	9
23	114	23
1168	63	4
2278	749	100
1733	1739	9
524	540	4
1054	1093	23
1804	1819	9
2096	448	4
232	252	6
1378	1389	46
1924	1950	20
827	783	96
1668	1675	9
1733	692	4
1533	532	4
827	783	4
149	153	9
166	189	19
2062	6	4
1261	64	4
1519	539	4
23	103	9
232	54	4
1924	1934	9
1498	1501	2
917	939	121
1442	1455	22
2027	65	4
651	656	36
1442	449	4
1549	648	4
814	815	101
917	929	4
2212	2229	9
1287	1289	31
1404	1415	62
602	603	23
232	250	9
1912	1919	108
23	91	9
2096	281	4
1782	1791	6
546	546	6
1096	82	13
2353	2355	184
2139	2155	57
602	620	9
947	948	6
1378	1379	9
1168	52	4
769	774	97
1968	6	4
1823	1839	4
708	722	22
1900	871	4
651	35	84
1541	538	4
1900	1905	9
348	356	46
751	689	4
1740	1747	108
1096	80	4
1168	105	9
23	53	4
191	200	20
1668	689	4
1519	1527	83
1983	63	4
1631	1633	4
888	909	4
1054	24	27
1029	933	9
1699	714	99
2368	2372	2
288	332	9
827	835	103
2139	2153	61
917	926	4
166	71	4
1316	363	4
2254	2255	6
1563	57	4
1498	11	4
2077	2091	46
1605	1605	6
1498	275	4
2243	536	4
1668	691	4
1648	783	96
1968	1973	4
1868	878	4
1054	1059	9
2295	874	4
1983	1992	9
1364	366	4
1699	680	4
857	861	107
1391	1402	2
116	74	4
1624	529	4
1699	689	4
458	452	4
149	163	4
1287	45	4
888	892	110
191	9	4
1347	1361	46
679	681	9
1740	875	4
1912	872	4
1134	1148	4
1134	1137	9
1699	1700	98
1605	11	4
2315	11	4
1442	1444	23
1541	536	4
524	531	4
2200	533	4
1425	1435	58
1924	82	188
1029	1035	9
232	254	4
476	486	61
1168	43	4
546	74	4
965	926	4
679	680	96
965	972	9
1274	1202	4
1563	1581	56
23	101	9
2127	2129	2
232	71	4
1948	1924	130
2077	362	4
1261	37	4
584	24	78
1498	551	4
1042	877	4
990	1004	9
917	919	34
1924	24	27
708	713	97
1194	1230	135
2096	11	4
1912	910	4
2278	11	4
1590	1563	19
1549	643	4
2212	564	4
2139	449	4
510	365	4
1983	2017	4
723	689	4
2353	1783	4
166	168	2
1119	1120	9
166	176	16
1330	1337	149
602	624	9
1823	874	4
1804	1810	34
1631	691	4
2353	1838	4
1168	1182	20
288	321	43
1782	24	177
1751	910	4
2315	931	4
1274	61	4
584	11	4
1096	1102	4
1519	535	4
1287	1299	4
1563	1581	37
1751	1760	49
1168	41	4
1541	529	4
1054	41	4
584	587	6
2315	2325	121
23	43	4
626	636	4
1194	1232	135
1274	1149	4
1549	1557	73
1533	564	4
1274	1281	9
1442	1461	9
2077	2077	9
723	732	9
23	35	12
769	783	4
149	165	20
2315	2315	2
1541	11	4
2112	2119	44
2368	911	4
116	142	4
149	43	4
116	71	4
814	689	4
626	634	88
2181	533	4
2353	909	4
524	536	4
23	93	9
555	562	70
149	63	4
965	971	9
584	598	23
458	469	9
1912	37	4
1573	1563	31
23	30	11
2027	2045	9
1168	1192	9
602	80	4
116	136	4
408	365	4
870	881	108
1983	80	4
1900	992	4
381	11	4
1563	35	77
2368	2371	108
2243	2251	73
1968	1974	4
2077	2088	2
626	287	37
476	366	4
1287	1303	4
827	830	9
1720	1721	9
497	496	48
458	467	9
990	999	6
1624	541	4
1274	9	4
1519	1529	9
2315	927	4
1261	71	4
232	260	4
2077	1358	46
1563	1587	2
1274	1280	9
640	37	4
266	270	4
2212	2215	6
1010	1011	115
1010	1020	9
1274	50	4
1823	931	4
2243	2243	6
769	802	9
857	691	4
2243	2244	4
2335	2352	118
2269	690	4
1533	1539	73
232	57	4
1467	1462	43
769	63	4
1134	1161	15
2212	2216	207
1274	1282	20
458	462	58
1720	1726	103
166	11	4
1065	1054	129
1709	80	4
1709	1715	9
2027	2028	19
381	362	4
1568	1563	31
1563	275	4
1823	1826	181
1541	275	4
2353	931	4
2299	2295	108
1238	1249	9
1983	2009	20
2278	691	4
1347	1362	46
546	536	4
1238	24	27
191	41	4
2315	924	4
2269	1710	102
888	896	109
458	460	4
2368	2390	34
571	578	2
2077	368	4
1096	65	4
2200	539	4
751	763	4
1733	80	4
1968	9	4
1605	536	4
602	617	4
1462	1496	62
1533	556	72
2353	2354	184
381	363	4
1605	1608	165
458	465	44
1462	446	4
1563	573	4
369	363	4
1519	1523	23
1804	35	111
1287	37	4
1498	1501	6
1924	74	4
149	24	27
1720	1731	98
458	466	44
23	31	11
2212	2239	70
2181	645	4
2288	2290	9
232	243	9
524	196	37
2139	2169	60
1054	1080	4
288	310	22
1968	54	4
1541	1548	9
1330	1341	9
2212	35	203
769	789	9
1391	362	4
679	699	9
2236	2212	49
640	536	4
1096	35	26
1624	1627	70
1549	1556	160
1054	1084	4
417	363	4
1804	1807	6
723	737	9
1442	1452	4
166	177	9
751	37	4
1194	1229	135
662	668	93
23	46	4
1096	41	4
1054	63	4
1096	1114	9
1924	9	4
1605	35	164
1605	565	75
739	741	2
1519	1520	158
1425	1428	44
23	24	10
2254	2256	9
1782	877	4
2335	35	111
2368	2369	116
1533	536	4
555	570	9
408	411	23
1605	535	4
2353	930	4
2234	2212	36
348	363	4
23	41	4
2212	2223	4
602	618	4
149	74	4
626	11	4
708	714	99
232	242	21
640	640	6
266	281	4
571	581	69
116	80	4
1287	50	4
1508	540	4
393	366	4
827	828	97
266	282	4
2288	2291	6
1751	1758	6
1287	588	19
1238	1242	19
1849	1864	113
2027	41	4
1968	1980	9
751	756	4
2200	2208	4
2027	1293	4
1261	1267	6
266	271	4
1462	275	4
232	24	27
2295	2303	169
2212	2221	71
662	672	4
1968	24	13
369	365	4
1378	362	4
1364	1367	9
997	990	109
1332	1330	156
23	68	4
1924	1951	23
209	221	2
2295	2300	115
393	367	4
1924	1956	4
1194	1231	135
571	541	4
662	674	94
2096	361	4
2254	684	99
584	596	9
1274	64	4
2260	2265	9
640	643	4
1261	6	4
23	65	4
1134	41	4
1549	275	4
1983	50	4
739	745	9
1563	548	4
1	7	4
1699	1701	97
679	686	22
1274	1160	29
1924	82	13
2077	2081	9
1983	105	9
288	334	9
288	6	4
1316	1324	2
1029	1037	9
2172	2177	6
840	849	4
1508	550	4
1508	1510	73
1968	52	4
1549	35	161
723	692	4
476	485	2
1096	61	4
2007	1983	112
990	874	4
602	619	22
2368	2402	4
679	696	9
1442	361	4
1823	74	4
1968	11	4
640	649	9
1563	556	74
1462	454	4
840	687	100
288	320	42
166	181	9
1442	1458	9
2127	2132	62
2212	565	75
1648	835	103
2260	45	4
840	852	103
1168	1190	9
1549	1560	9
1364	1371	2
458	281	4
2278	2284	107
1699	692	4
1769	875	4
1849	907	4
209	228	9
510	519	68
1096	1100	4
888	877	4
751	11	4
1378	82	50
602	614	4
369	378	15
23	94	9
417	365	4
1238	63	4
1442	452	4
2254	11	4
232	41	4
555	556	74
2062	2074	16
2368	2378	9
417	457	4
266	274	4
1631	1646	97
2278	690	4
1983	2025	4
1657	1659	107
990	876	4
232	235	33
965	969	9
2192	2181	200
381	82	50
990	996	109
1912	1917	6
1	5	4
888	878	4
769	787	9
524	37	4
1498	536	4
1347	361	4
1274	63	4
1287	65	4
2315	877	4
1900	1910	4
116	43	4
1578	1563	31
1498	1503	70
1868	1869	2
209	54	4
1119	1131	21
2353	910	4
191	82	28
555	559	69
209	37	4
524	534	4
2295	11	4
2243	275	4
1751	877	4
990	618	4
739	742	98
1868	1878	122
2033	2027	194
417	434	59
2212	2218	202
1054	11	4
723	731	9
476	483	44
1238	1250	9
23	24	14
1631	1637	4
1648	1656	22
1733	1736	9
1657	690	4
2096	2107	62
2254	691	4
369	379	49
1668	749	100
1287	1314	20
1119	11	4
288	338	9
640	536	4
1316	35	145
1010	1023	9
1624	1543	37
166	173	20
496	499	48
626	639	22
2288	849	4
524	527	70
723	738	103
1849	1854	9
1924	217	4
602	622	9
679	694	9
1533	532	4
1054	41	4
1924	1947	31
1668	1671	6
1563	1565	6
1605	35	77
1054	74	4
1983	2012	4
1823	1834	4
1912	874	4
1968	65	4
149	64	4
1699	850	4
2260	815	101
209	43	4
1364	362	4
1364	1365	15
241	232	34
840	843	9
723	734	9
679	690	4
1261	74	4
982	871	4
2200	2201	73
1330	363	4
1678	1689	22
1631	1636	4
1168	1179	4
1533	530	4
1709	833	106
1442	1446	57
1804	1805	108
1238	1239	21
769	786	4
2295	2314	108
662	675	6
1391	11	4
266	287	37
1563	535	4
2200	2209	86
1983	1989	19
476	365	4
1462	11	4
917	37	4
191	71	4
1657	1663	103
2212	534	4
1924	11	4
1968	1981	9
947	11	4
1042	1045	9
708	721	98
990	998	112
2288	2289	98
1849	1861	34
1010	1026	2
1274	24	25
1751	1764	121
1257	1238	141
1330	1336	146
1563	1604	166
2200	275	4
1442	1448	58
1549	646	4
1316	1317	155
1563	1603	165
1054	1077	4
571	534	4
1751	74	4
266	6	4
640	74	4
1740	1749	113
1699	1707	103
1751	1754	4
1316	1327	149
769	691	4
288	82	28
1054	1069	6
381	382	6
2368	907	4
1508	548	4
2231	2212	205
1054	1073	4
1274	57	4
232	248	9
990	997	108
1194	1219	21
116	132	22
602	623	9
1462	1484	60
2353	37	4
1648	1648	6
232	264	4
662	671	4
1194	1208	9
1238	82	28
1330	1334	49
1378	1386	48
1924	1949	21
769	812	102
191	24	25
23	49	4
1563	533	4
1533	37	4
1613	549	4
1823	1830	183
723	680	4
662	676	6
1720	833	106
458	450	4
555	536	4
769	773	23
1769	877	4
2295	2300	116
510	521	4
2353	2364	9
2269	80	4
1194	1227	135
1983	2004	6
814	691	4
510	362	4
1287	1309	9
2027	57	4
209	214	4
1924	1954	4
1010	877	4
990	909	4
2243	556	72
1364	1369	9
393	396	52
1983	41	4
2127	2130	22
1782	35	171
2335	910	4
1563	1584	56
1508	535	4
1442	1460	9
476	490	9
458	447	4
381	390	9
380	381	47
2212	2240	86
1924	219	4
2139	11	4
1605	37	4
2254	690	4
1868	1871	109
1740	871	4
626	630	73
2200	542	4
1498	536	4
2212	35	85
1168	1187	3
1605	536	4
1	5	4
232	9	4
769	792	9
1624	57	4
1709	783	96
266	278	4
1549	35	85
1751	11	4
23	9	4
1330	1339	2
1769	35	111
23	109	19
417	441	44
1657	1660	107
990	878	4
2368	1859	110
1119	24	25
1968	63	4
769	783	96
626	556	72
769	770	2
2077	367	4
1287	1307	9
2243	2250	23
1498	549	4
23	79	4
723	724	2
571	538	4
288	302	4
1029	1031	4
2315	2327	3
679	688	101
1868	618	4
1613	1621	37
2062	24	28
1462	365	4
1119	24	27
1733	1736	97
1868	875	4
417	436	44
1657	1667	9
723	730	9
166	182	9
393	399	49
116	140	4
2027	2052	9
1462	452	4
708	11	4
2315	2318	4
288	344	9
751	755	104
739	689	4
2062	2065	9
1613	74	4
1605	35	163
23	25	11
2200	74	4
1648	1648	2
1519	556	74
2077	2080	9
1924	1931	9
149	154	9
546	57	4
2096	454	4
1740	1742	127
288	289	38
814	687	100
626	564	4
2295	618	4
1533	57	4
1347	362	4
2315	2333	9
458	459	4
2368	11	4
496	505	9
2077	11	4
1330	1345	151
1720	1724	9
166	82	13
2027	2061	4
288	291	40
751	692	4
524	535	4
1983	37	4
510	518	9
1823	930	4
1425	1436	59
116	123	9
1029	1040	124
2295	2296	110
1378	1385	47
1096	37	4
1648	1650	98
1347	1359	46
348	365	4
1924	1942	9
870	884	112
1900	876	4
1519	1525	4
840	680	4
1912	1916	122
2260	2266	98
496	365	4
2254	680	96
1900	873	4
1744	1740	108
1508	1514	37
116	130	23
1533	542	4
191	43	4
1462	1481	6
982	82	114
751	63	4
1602	1563	19
1597	1563	19
1134	1146	2
1404	1421	60
2368	2374	9
1498	529	4
1804	82	114
2278	692	4
1657	680	96
288	341	9
393	11	4
1194	52	4
2335	37	4
23	33	11
602	621	9
23	51	4
751	756	96
23	55	4
23	50	4
1533	529	4
266	10	4
288	315	6
1823	80	4
2368	2397	4
1238	43	4
2295	2299	109
23	24	25
1541	537	4
1274	35	26
814	825	107
990	994	4
982	989	9
232	261	4
2172	2180	70
266	286	6
2315	2334	127
2096	2097	58
1508	551	4
116	37	4
166	171	6
369	361	4
1924	1957	4
2315	618	4
723	714	99
1194	80	4
888	82	114
827	11	4
2212	2222	4
2269	691	4
947	962	9
23	104	9
1404	1409	9
982	878	4
2027	2053	9
2027	2049	9
1096	1108	6
1238	1248	9
1194	9	4
888	915	118
1519	1530	2
348	354	46
1054	54	4
1782	1794	176
288	327	20
1498	540	4
1287	24	27
1508	536	4
1391	1403	46
888	916	118
23	108	18
1690	1694	97
602	536	4
827	831	9
708	711	9
857	869	103
23	77	4
1868	873	4
651	536	4
1442	448	4
827	836	107
990	875	4
1378	361	4
827	838	2
1605	275	4
1134	1140	9
1549	641	4
1119	1133	20
417	430	58
889	888	109
1690	691	4
2181	2185	23
149	71	4
982	874	4
1624	556	74
1194	50	4
2139	2170	60
640	650	90
1849	1857	9
1119	1130	2
546	549	4
640	642	4
2368	872	4
1498	550	4
1347	1356	46
1054	9	4
166	185	9
2112	11	4
1194	1195	19
1769	1778	9
2269	2274	9
1699	841	101
2353	565	182
348	350	3
1134	1151	21
2077	365	4
1624	1630	4
2077	361	4
1168	263	4
23	102	9
1699	680	96
751	760	9
2006	1983	192
1613	535	4
1287	63	4
2077	2087	9
1462	1495	62
1690	689	4
1804	1807	2
571	577	71
237	232	34
1804	1814	9
546	37	4
1690	782	4
2008	1983	112
1690	1694	9
1751	1757	4
1134	43	4
679	682	98
888	37	4
546	540	4
288	339	9
840	844	9
1261	105	9
1238	74	4
2200	2200	6
857	859	101
1	3	6
1983	1991	9
2096	2104	57
1769	911	4
1983	24	25
1096	1105	20
1364	365	4
1261	588	19
23	115	6
2243	11	4
1330	1342	9
1462	1474	9
232	244	9
1498	538	4
2353	74	4
1533	556	74
1119	41	4
662	669	4
1462	1485	60
2212	2238	70
2181	556	72
555	11	4
232	249	9
369	366	4
2353	1785	4
288	329	9
2353	2365	211
1690	11	4
2254	689	4
982	877	4
1168	1172	136
1849	1865	23
1010	1013	110
1442	1443	59
2335	74	4
496	363	4
626	533	4
1613	556	74
2096	2101	2
1549	540	4
1924	1964	4
232	11	4
166	184	9
1134	1155	135
1868	877	4
1096	1101	4
1733	839	101
2295	909	4
2077	362	4
1238	71	4
2353	877	4
947	953	121
982	872	4
840	845	9
1782	1795	2
348	360	9
1134	35	26
1563	1586	88
546	532	4
1194	64	4
266	9	4
2139	2168	9
1425	1437	2
814	816	9
1519	1531	73
2212	2224	4
2139	2157	57
1391	82	50
2368	2370	122
2172	538	4
1134	71	4
571	551	4
2315	275	4
1631	1632	104
1912	11	4
546	553	9
23	78	4
1912	1913	9
769	806	9
1347	1363	2
458	474	57
1498	1502	6
476	361	4
814	814	6
1631	1638	9
288	343	9
209	45	4
1054	1063	9
1541	535	4
1096	1115	9
1287	1293	4
1498	535	4
2027	2058	38
708	680	96
510	511	22
1373	1364	48
2269	2271	98
723	727	97
1029	1033	4
417	454	4
23	40	4
1330	1323	4
769	811	99
888	913	6
1678	833	106
1983	2018	4
814	818	98
1316	1328	150
2077	363	4
1868	872	4
2062	2071	9
917	944	122
662	24	91
888	912	6
288	304	4
2212	536	4
2368	2382	9
1508	1516	2
2139	2149	4
1430	1425	157
555	560	70
1462	1464	58
947	927	4
2077	2089	6
1782	1787	4
2127	82	50
1631	1641	9
1657	692	4
2191	2181	200
571	582	9
417	452	4
2096	275	4
982	986	4
2353	1840	4
1549	1561	6
23	95	9
1549	530	4
888	907	4
1330	11	4
2127	365	4
626	57	4
2027	2029	19
739	684	99
1751	1762	127
1533	540	4
1462	457	4
1769	1780	9
149	9	4
1378	362	4
1378	1380	9
1054	1088	4
1613	1617	6
1119	1127	9
1054	1094	132
116	41	4
2062	11	4
840	848	9
2027	64	4
1751	1752	110
1054	1070	6
2181	643	4
232	245	9
2077	2086	9
827	829	9
662	670	4
2127	2128	44
1541	1547	4
1096	43	4
1678	1687	103
2288	748	102
626	631	3
1613	533	4
2212	533	4
571	579	4
651	654	22
2368	875	4
1968	24	27
288	311	19
1096	52	4
2127	2135	60
1194	1218	20
1168	50	4
1010	910	4
2212	2219	22
1900	909	4
1168	1173	42
393	362	4
1168	1189	9
1287	1314	20
288	63	4
476	494	62
1541	1541	2
2112	361	4
2243	2245	71
2260	80	4
1029	1032	4
723	735	9
1983	57	4
2368	35	111
1804	911	4
1624	1628	73
1347	1358	46
1054	1090	131
1442	1454	4
651	35	85
1868	37	4
1900	878	4
417	425	9
510	361	4
888	901	9
2243	536	4
1330	1329	143
1983	1999	110
2112	2125	58
191	204	9
1782	1793	175
602	610	4
2127	361	4
1261	50	4
1549	1551	4
1549	645	4
1631	1640	9
1168	1193	9
288	337	9
1709	1714	97
1823	1829	176
524	542	4
1442	1449	62
2062	2063	9
1668	690	4
231	232	32
2193	2181	200
232	251	9
1425	82	50
1782	1788	172
917	872	4
571	576	70
1804	874	4
1823	1835	4
982	983	122
23	73	4
2368	82	114
2027	2044	9
1194	45	4
584	587	2
1508	35	85
640	643	4
2027	82	13
1595	1563	19
640	287	90
917	80	4
1563	35	164
2315	2322	126
2368	2392	122
1168	261	4
2139	2166	9
1605	573	4
1168	1170	110
1983	2003	6
1804	1813	9
496	361	4
2139	2141	62
1519	541	4
1657	1664	98
524	532	4
1287	82	28
1983	1993	9
2288	680	96
149	156	9
1119	54	4
2181	536	4
1709	1713	104
1983	61	4
1631	1643	98
2062	2069	9
751	758	101
1533	1535	22
1054	1085	4
1054	6	4
1	21	9
2139	82	50
2181	2184	199
2139	2150	4
209	211	16
1119	43	4
2269	74	4
1010	878	4
1391	1401	9
1238	1256	20
1347	1351	9
1462	1476	23
524	524	6
1782	1792	174
1330	1329	155
1194	1211	9
626	627	83
1508	1512	4
1648	839	101
1912	873	4
1900	1903	2
1330	565	154
2269	1637	4
417	438	44
266	57	4
2096	2111	9
23	89	9
1912	74	4
393	407	9
662	666	23
1168	65	4
2027	2035	195
651	564	4
191	207	9
1657	691	4
2353	2358	4
1404	1416	62
1589	1563	49
917	927	4
348	366	4
116	127	9
1613	1620	9
2096	447	4
2212	2232	88
288	74	4
739	749	100
1924	54	4
288	290	40
1425	1433	9
2027	2031	196
1868	1893	4
1968	1979	9
2335	2349	110
1653	1648	97
1462	448	4
571	550	4
2181	2190	4
1462	1478	61
149	152	9
1168	6	4
1598	1563	19
2269	37	4
1096	59	4
1442	1451	4
1678	1688	23
895	888	108
23	27	11
640	645	4
1782	1796	178
2139	2140	62
1274	105	9
662	11	4
1	16	5
917	930	4
417	275	4
1690	783	96
23	97	9
1519	57	4
1240	1238	44
1678	1682	107
1462	1493	4
496	508	2
1868	74	4
584	600	4
2353	80	4
116	41	4
1261	1262	16
1868	910	4
1849	1862	109
2212	35	204
2096	2100	59
166	186	9
2278	2282	23
2269	11	4
1823	1824	23
626	626	2
1924	1927	22
166	167	29
888	618	4
1868	871	4
288	41	4
2027	2038	35
458	448	4
1563	538	4
1823	1833	4
1668	11	4
751	753	103
1404	1418	23
2062	41	4
1042	1050	2
2295	2306	9
1624	534	4
1498	533	4
2278	680	4
1287	1292	2
288	80	4
2112	2114	9
1868	1885	9
1769	11	4
1983	2022	4
917	82	114
1541	540	4
1194	57	4
408	366	4
965	973	9
947	956	125
1782	24	170
546	535	4
602	74	4
1823	1837	4
769	771	103
166	59	4
1605	1581	37
888	895	109
2112	365	4
496	500	63
723	690	4
209	80	4
546	536	4
2172	2172	2
458	366	4
1462	1491	4
982	873	4
1900	1907	3
1194	105	9
2335	82	114
1631	80	4
1010	874	4
232	246	9
1563	35	163
1868	80	4
1462	1494	4
116	82	13
640	646	4
1613	1622	23
571	529	4
1519	538	4
1404	82	50
1498	532	4
1541	1542	73
1425	1441	23
1508	1517	69
1519	74	4
2139	2163	9
1631	1647	103
1134	11	4
1924	82	189
2181	641	4
990	35	111
1605	540	4
266	275	4
23	64	4
1968	1978	9
1709	835	103
2139	450	4
232	236	20
1541	74	4
1462	447	4
408	368	4
209	24	25
1364	1368	9
1900	35	111
571	74	4
739	750	103
1042	1049	9
1563	1588	22
2172	2172	6
149	37	4
1519	530	4
1782	1798	9
1330	35	145
602	35	82
1690	1695	9
1563	74	4
1134	1145	9
417	429	9
1442	281	4
2112	2121	59
116	121	9
1168	1184	6
1900	1904	9
1668	744	4
1	19	8
2315	2331	9
840	850	4
510	362	4
240	232	34
2062	41	4
510	514	66
288	342	9
857	692	4
2027	2059	38
1983	65	4
1668	1663	103
116	144	4
2335	618	4
1508	1511	4
1751	82	114
1261	1272	19
1983	1988	19
1442	1445	2
476	488	9
1868	1880	122
2212	1272	37
769	805	9
1624	548	4
1508	1515	9
2027	52	4
1871	1868	108
626	536	4
393	368	4
1391	1398	48
1740	82	114
1591	1563	19
1733	782	4
1613	1619	73
555	567	6
1498	564	4
1378	371	4
1983	41	4
1690	1697	98
1404	1406	9
1274	59	4
1391	1392	6
23	26	11
1751	1756	4
1605	556	74
555	556	72
626	530	4
840	680	96
1404	363	4
651	556	72
1613	35	85
1316	1318	6
232	256	4
1	22	9
496	362	4
1404	1423	60
1168	1169	19
571	536	4
1054	1075	4
626	565	75
1648	833	106
546	533	4
1900	1872	113
1519	1530	6
917	877	4
476	490	57
496	11	4
2062	2064	9
288	71	4
1054	45	4
1720	1722	9
510	361	4
1968	37	4
2212	2212	9
1549	74	4
417	423	9
191	206	9
1234	1194	140
2027	2034	6
266	267	3
1261	41	4
2269	45	4
1751	1761	9
2315	37	4
1782	1799	9
1134	1139	9
393	394	51
1508	538	4
571	11	4
1238	65	4
417	449	4
1541	1546	70
1751	1759	3
1519	1526	88
1238	41	4
266	283	2
1699	1706	9
546	547	70
1316	1319	144
626	535	4
417	422	23
2353	1832	4
1194	1210	9
166	180	9
1549	534	4
1096	41	4
1287	1304	9
2027	74	4
1442	1445	6
1238	1259	19
1769	874	4
1194	1218	20
2027	2047	9
1316	1323	4
1274	43	4
166	175	15
1648	1649	98
1238	57	4
1657	11	4
990	1000	113
1631	680	4
2353	874	4
369	82	50
965	975	124
2212	2226	69
1391	1396	49
1549	1558	9
1657	689	4
555	541	4
982	11	4
149	52	4
1605	564	4
2269	680	4
1720	1728	2
1378	1382	9
149	41	4
288	294	4
232	41	4
1751	1767	121
1194	1226	135
2112	2113	6
1849	1856	9
1404	1413	6
1613	556	72
2212	548	4
1462	1488	4
888	875	4
1330	1329	148
769	778	107
23	86	9
2200	541	4
1631	704	102
458	464	2
662	565	95
348	368	4
1054	24	24
2368	2404	110
1983	1990	16
149	161	21
1168	1182	20
1563	565	75
723	726	22
2315	196	37
1261	1267	142
1194	1209	9
1968	1971	20
1900	74	4
1541	37	4
2172	532	4
116	126	9
2260	37	4
584	585	76
708	709	9
1699	1708	104
1261	1263	20
2139	2158	2
1900	1908	22
1462	449	4
2260	2261	97
1733	1738	103
2172	2178	9
23	54	4
1533	1537	4
546	552	4
288	327	20
2368	874	4
1054	65	4
1287	1306	9
2220	2212	31
1549	57	4
2181	643	4
166	168	6
1804	11	4
288	308	4
1274	74	4
1624	550	4
458	363	4
381	386	15
2335	80	4
1804	1818	9
1010	1024	9
1924	1932	9
708	715	101
1605	533	4
1134	1149	4
1631	1645	22
679	704	102
458	82	50
2368	2396	4
2260	2263	4
917	920	34
2315	874	4
1425	361	4
888	894	110
1237	1194	140
571	57	4
288	331	9
1287	1315	6
166	41	4
209	222	9
1740	877	4
2269	2274	97
1194	1205	9
626	541	4
149	80	4
348	355	46
1983	54	4
23	42	4
1733	783	4
2368	2383	9
1849	1860	22
1261	45	4
1563	1582	162
1823	877	4
2139	457	4
2212	275	4
1096	1109	6
209	229	21
1549	1553	159
116	6	4
288	340	9
232	262	4
23	82	13
1330	1336	144
2315	872	4
1096	1111	9
769	774	9
1849	911	4
1541	534	4
1709	784	4
1508	529	4
1274	1279	9
191	193	19
116	45	4
2212	37	4
1194	1212	9
2335	2336	115
2295	2301	113
288	313	2
1533	74	4
1924	1945	9
1631	687	100
1751	872	4
1624	542	4
1442	1450	62
2077	2090	46
288	309	21
1900	1750	110
288	64	4
116	128	6
1029	1041	128
1442	447	4
1668	1674	107
1261	1266	6
2295	2305	118
1364	11	4
1868	1891	9
1194	41	4
408	416	9
1648	782	4
1029	1030	2
1804	1750	110
626	548	4
1442	457	4
990	80	4
1194	1200	4
2278	689	4
1823	1828	169
1134	1163	15
476	495	62
2335	2351	6
1054	1056	9
1029	934	9
824	814	97
1613	37	4
1096	57	4
2027	71	4
1769	1776	118
2335	2336	34
524	275	4
2172	2174	71
1868	1886	9
2295	82	114
990	1003	9
1924	1953	4
1194	1216	23
1924	1955	4
2278	2280	9
191	196	31
1912	35	111
2212	2242	210
662	673	9
888	897	115
739	743	4
1096	1117	21
324	288	44
381	365	4
149	151	9
1572	1563	31
288	303	4
2335	872	4
209	9	4
1347	363	4
626	82	87
1391	362	4
1613	275	4
2269	2276	101
408	11	4
1119	1128	9
1678	1686	98
1563	550	4
1330	35	145
1968	82	28
1194	37	4
1330	1331	23
149	41	4
232	82	28
1042	923	4
947	872	4
1968	45	4
1912	1918	113
990	991	4
1274	1283	4
23	62	4
857	680	96
2027	80	4
1624	1629	9
2077	2092	46
679	689	4
1508	1518	71
2315	454	4
2027	41	4
1175	1168	137
2062	24	25
1709	1710	102
1541	548	4
1134	1154	135
814	821	103
1709	782	4
1782	1784	4
1983	43	4
1134	1158	135
1010	911	4
417	453	4
166	187	9
990	1008	9
476	492	62
496	506	49
1378	1381	9
1983	52	4
2295	907	4
1462	1470	9
1924	1923	19
2269	689	4
1168	1188	9
1498	534	4
1541	1545	70
2096	2109	9
1287	1300	4
1238	82	13
990	872	4
571	37	4
679	11	4
1238	11	4
1924	80	4
288	69	4
1900	1901	110
268	266	35
2315	926	4
1624	532	4
1968	1982	9
2139	2161	58
266	277	4
1238	1260	19
2335	909	4
1733	1735	4
723	715	4
408	363	4
2368	2372	6
2335	2344	9
2139	2142	4
1823	1840	4
1287	1292	6
1968	71	4
2315	2329	9
2243	556	74
626	633	86
1690	797	9
1261	43	4
1054	263	4
2368	2393	4
2315	2317	4
1740	1744	109
232	24	25
1868	1890	9
965	874	4
288	336	9
2212	556	208
1096	1097	4
1709	692	4
1624	536	4
1751	1760	37
2139	2158	6
1900	1874	113
1868	1896	4
2212	549	4
2288	844	9
1054	1071	20
2288	2294	9
381	392	9
166	41	4
1533	539	4
524	529	4
1119	1130	6
1924	45	4
458	365	4
1613	538	4
2353	565	182
1010	1019	9
2254	715	4
1134	1165	15
288	328	9
1575	1563	31
116	120	9
