4436
1	2	1
1	3	2
1	4	3
1	5	4
1	6	4
1	7	4
1	8	4
1	5	4
1	9	4
1	10	4
1	11	4
1	12	4
1	13	4
1	14	4
1	15	5
1	16	5
1	3	6
1	17	7
1	18	7
1	19	8
1	20	9
1	21	9
1	22	9
23	24	10
23	25	11
23	26	11
23	27	11
23	28	11
23	29	11
23	30	11
23	31	11
23	32	11
23	33	11
23	34	11
23	35	12
23	36	2
23	37	4
23	38	4
23	39	4
23	40	4
23	41	4
23	41	4
23	41	4
23	42	4
23	43	4
23	44	4
23	45	4
23	46	4
23	6	4
23	47	4
23	11	4
23	48	4
23	49	4
23	50	4
23	51	4
23	52	4
23	53	4
23	54	4
23	55	4
23	56	4
23	57	4
23	58	4
23	59	4
23	60	4
23	61	4
23	62	4
23	63	4
23	64	4
23	65	4
23	66	4
23	9	4
23	67	4
23	68	4
23	69	4
23	70	4
23	71	4
23	72	4
23	73	4
23	74	4
23	75	4
23	76	4
23	77	4
23	78	4
23	79	4
23	80	4
23	81	4
23	82	13
23	24	14
23	83	15
23	84	16
23	85	17
23	86	9
23	87	9
23	88	9
23	89	9
23	90	9
23	91	9
23	92	9
23	93	9
23	94	9
23	95	9
23	96	9
23	97	9
23	98	9
23	99	9
23	100	9
23	101	9
23	102	9
23	103	9
23	104	9
23	105	9
23	106	9
23	107	9
23	108	18
23	109	19
23	110	19
23	111	20
23	111	20
23	112	21
23	113	22
23	114	23
23	115	6
23	36	6
23	24	24
23	24	25
23	35	26
116	117	20
116	117	20
116	118	21
116	119	9
116	120	9
116	121	9
116	122	9
116	123	9
116	124	9
116	125	9
116	126	9
116	127	9
116	24	27
116	24	25
116	128	6
116	129	6
116	128	2
116	130	23
116	131	16
116	132	22
116	82	13
116	133	4
116	54	4
116	57	4
116	45	4
116	65	4
116	134	4
116	135	4
116	136	4
116	63	4
116	41	4
116	37	4
116	80	4
116	64	4
116	137	4
116	138	4
116	6	4
116	52	4
116	139	4
116	11	4
116	140	4
116	141	4
116	74	4
116	142	4
116	143	4
116	144	4
116	43	4
116	145	4
116	146	4
116	147	4
116	40	4
116	41	4
116	71	4
116	148	4
116	41	4
116	9	4
116	82	28
149	150	9
149	151	9
149	152	9
149	153	9
149	154	9
149	155	9
149	156	9
149	157	9
149	158	9
149	159	9
149	24	25
149	160	2
149	82	13
149	24	27
149	161	21
149	162	6
149	160	6
149	45	4
149	63	4
149	64	4
149	163	4
149	71	4
149	80	4
149	41	4
149	37	4
149	43	4
149	65	4
149	9	4
149	74	4
149	6	4
149	57	4
149	52	4
149	41	4
149	41	4
149	11	4
149	54	4
149	82	28
149	164	16
149	165	20
149	165	20
166	167	29
166	168	2
166	43	4
166	169	4
166	54	4
166	170	4
166	41	4
166	6	4
166	71	4
166	59	4
166	11	4
166	41	4
166	41	4
166	9	4
166	171	6
166	168	6
166	172	23
166	173	20
166	173	20
166	174	21
166	24	25
166	175	30
166	176	16
166	105	9
166	177	9
166	178	9
166	179	9
166	180	9
166	181	9
166	182	9
166	183	9
166	184	9
166	185	9
166	186	9
166	187	9
166	188	9
166	82	13
166	189	19
166	175	15
166	190	22
191	192	19
191	193	19
191	194	2
191	195	31
191	196	31
191	197	31
191	24	25
191	198	16
191	41	4
191	41	4
191	41	4
191	11	4
191	6	4
191	71	4
191	43	4
191	54	4
191	9	4
191	199	21
191	24	27
191	82	13
191	82	28
191	200	20
191	200	20
191	201	9
191	202	9
191	203	9
191	204	9
191	205	9
191	206	9
191	207	9
191	194	6
191	208	6
209	210	20
209	210	20
209	211	16
209	24	25
209	212	4
209	213	4
209	6	4
209	214	4
209	63	4
209	80	4
209	9	4
209	43	4
209	45	4
209	37	4
209	215	4
209	54	4
209	216	4
209	217	4
209	68	4
209	218	4
209	64	4
209	74	4
209	219	4
209	41	4
209	220	4
209	59	4
209	41	4
209	11	4
209	52	4
209	65	4
209	71	4
209	41	4
209	57	4
209	221	2
209	24	27
209	222	9
209	223	9
209	224	9
209	225	9
209	226	9
209	227	9
209	228	9
209	229	21
209	24	28
209	230	6
209	221	6
209	82	13
231	232	32
232	82	13
232	233	2
232	234	16
232	235	33
232	236	20
232	236	20
237	232	34
238	232	34
239	232	34
240	232	34
241	232	34
232	242	21
232	24	27
232	243	9
232	244	9
232	245	9
232	246	9
232	247	9
232	248	9
232	249	9
232	250	9
232	251	9
232	82	28
232	252	6
232	233	6
232	24	25
232	253	4
232	254	4
232	255	4
232	74	4
232	71	4
232	64	4
232	6	4
232	63	4
232	65	4
232	256	4
232	9	4
232	41	4
232	80	4
232	257	4
232	45	4
232	43	4
232	258	4
232	37	4
232	259	4
232	260	4
232	261	4
232	262	4
232	263	4
232	264	4
232	41	4
232	57	4
232	52	4
232	41	4
232	265	4
232	11	4
232	54	4
266	267	3
268	266	35
266	13	4
266	10	4
266	269	4
266	6	4
266	64	4
266	9	4
266	270	4
266	11	4
266	271	4
266	57	4
266	272	4
266	273	4
266	274	4
266	275	4
266	14	4
266	276	4
266	277	4
266	278	4
266	279	4
266	280	4
266	281	4
266	12	4
266	282	4
266	283	2
266	284	9
266	285	9
266	286	6
266	284	36
266	287	37
288	289	38
288	24	39
288	290	40
288	291	40
288	24	41
288	292	4
288	293	4
288	9	4
288	294	4
288	295	4
288	71	4
288	69	4
288	77	4
288	296	4
288	41	4
288	63	4
288	297	4
288	11	4
288	41	4
288	54	4
288	57	4
288	6	4
288	298	4
288	37	4
288	45	4
288	299	4
288	80	4
288	65	4
288	300	4
288	52	4
288	301	4
288	219	4
288	302	4
288	303	4
288	74	4
288	304	4
288	305	4
288	306	4
288	307	4
288	308	4
288	41	4
288	64	4
288	43	4
288	217	4
288	24	25
288	309	21
288	310	22
288	311	19
288	312	31
288	313	6
288	314	6
288	315	6
288	24	27
288	316	42
288	317	42
288	318	42
288	319	42
288	320	42
288	321	43
288	322	43
288	82	28
288	323	23
324	288	44
288	325	16
288	326	45
288	327	20
288	327	20
288	328	9
288	329	9
288	330	9
288	331	9
288	332	9
288	333	9
288	334	9
288	335	9
288	336	9
288	248	9
288	337	9
288	338	9
288	339	9
288	340	9
288	341	9
288	342	9
288	343	9
288	344	9
288	345	9
288	346	9
288	347	9
288	313	2
288	82	13
348	349	2
348	350	3
348	351	6
348	352	46
348	353	46
348	354	46
348	355	46
348	356	46
348	357	46
348	358	9
348	359	9
348	360	9
348	361	4
348	11	4
348	362	4
348	362	4
348	363	4
348	361	4
348	364	4
348	365	4
348	366	4
348	367	4
348	368	4
369	370	2
369	361	4
369	362	4
369	361	4
369	365	4
369	366	4
369	11	4
369	371	4
369	363	4
369	362	4
372	369	47
369	373	47
369	374	36
369	370	6
369	375	9
369	376	9
369	377	15
369	378	15
373	369	48
369	379	49
369	372	48
369	82	50
380	381	47
381	382	2
381	383	49
381	384	36
381	361	4
381	371	4
381	366	4
381	11	4
381	365	4
381	362	4
381	362	4
381	363	4
381	361	4
381	82	50
381	385	46
381	386	15
381	387	15
381	388	9
381	389	9
381	390	9
381	391	9
381	392	9
381	382	6
393	394	51
393	395	52
393	396	52
393	397	53
393	398	3
393	399	49
393	400	54
393	368	4
393	361	4
393	361	4
393	366	4
393	363	4
393	362	4
393	365	4
393	367	4
393	401	4
393	11	4
393	402	4
393	362	4
393	403	2
393	404	55
393	405	9
393	406	9
393	407	9
408	409	46
408	410	6
408	363	4
408	368	4
408	362	4
408	364	4
408	362	4
408	366	4
408	367	4
408	365	4
408	361	4
408	361	4
408	11	4
408	411	23
412	408	56
408	413	2
408	414	22
408	408	9
408	415	9
408	416	9
417	418	22
417	419	2
417	420	57
417	421	57
417	422	23
417	423	9
417	424	9
417	425	9
417	426	9
417	427	9
417	428	9
417	429	9
417	430	58
417	82	50
431	417	43
432	417	43
433	417	43
417	419	6
417	434	59
417	435	44
417	436	44
417	437	44
417	438	44
417	433	44
417	439	44
417	440	44
417	441	44
417	442	60
417	443	60
417	444	60
417	445	61
417	446	4
417	447	4
417	448	4
417	449	4
417	366	4
417	361	4
417	450	4
417	451	4
417	452	4
417	363	4
417	453	4
417	454	4
417	281	4
417	455	4
417	11	4
417	456	4
417	365	4
417	361	4
417	457	4
417	275	4
458	363	4
458	361	4
458	454	4
458	448	4
458	459	4
458	275	4
458	281	4
458	449	4
458	452	4
458	460	4
458	457	4
458	366	4
458	365	4
458	450	4
458	447	4
458	361	4
458	446	4
458	461	4
458	11	4
458	462	58
458	463	59
458	464	2
458	465	44
458	466	44
458	82	50
458	467	9
458	468	9
458	469	9
458	470	9
458	471	9
458	472	9
458	464	6
458	473	57
458	474	57
458	475	57
476	477	58
476	361	4
476	448	4
476	363	4
476	11	4
476	361	4
476	365	4
476	366	4
476	478	22
476	479	60
476	480	60
476	481	60
476	482	6
476	483	44
476	484	23
476	485	2
476	486	61
476	82	50
476	487	9
476	488	9
476	489	9
476	490	9
476	490	57
476	491	57
476	492	62
476	493	62
476	494	62
476	495	62
496	497	47
496	11	4
496	498	4
496	363	4
496	365	4
496	362	4
496	362	4
496	361	4
496	366	4
496	361	4
496	499	48
496	82	50
496	500	63
496	501	9
496	502	9
496	503	9
496	504	9
496	505	9
496	506	49
496	507	49
497	496	48
496	508	2
496	508	6
509	496	47
499	496	47
510	511	22
510	512	64
510	513	65
510	514	66
513	510	47
510	515	3
510	516	67
510	517	9
510	518	9
510	519	68
510	361	4
510	520	4
510	362	4
510	362	4
510	363	4
510	11	4
510	365	4
510	361	4
510	366	4
510	521	4
510	522	23
510	523	2
524	525	23
524	526	69
524	527	70
524	528	70
524	524	2
524	196	37
524	74	4
524	529	4
524	57	4
524	37	4
524	530	4
524	531	4
524	275	4
524	532	4
524	533	4
524	534	4
524	535	4
524	11	4
524	536	4
524	537	4
524	538	4
524	536	4
524	539	4
524	540	4
524	541	4
524	542	4
524	543	22
524	544	9
524	532	4
524	524	6
524	545	71
546	547	70
546	532	4
546	540	4
546	548	4
546	549	4
546	529	4
546	530	4
546	57	4
546	536	4
546	37	4
546	550	4
546	537	4
546	541	4
546	551	4
546	534	4
546	535	4
546	11	4
546	536	4
546	533	4
546	74	4
546	552	4
546	532	4
546	538	4
546	275	4
546	553	9
546	554	37
546	546	2
546	546	6
555	556	72
555	557	73
555	558	69
555	559	69
555	556	74
555	560	70
555	561	70
555	562	70
555	563	70
555	534	4
555	538	4
555	535	4
555	537	4
555	532	4
555	536	4
555	564	4
555	541	4
555	11	4
555	536	4
555	565	75
555	566	71
555	567	2
555	568	37
555	569	6
555	567	6
555	570	9
571	532	4
571	275	4
571	538	4
571	535	4
571	37	4
571	11	4
571	551	4
571	534	4
571	530	4
571	74	4
571	541	4
571	572	4
571	57	4
571	536	4
571	529	4
571	573	4
571	548	4
571	536	4
571	549	4
571	574	4
571	533	4
571	550	4
571	537	4
571	540	4
571	575	70
571	576	70
571	577	71
571	578	6
571	579	4
571	578	2
571	580	37
571	581	69
571	582	9
571	583	9
584	585	76
584	586	22
584	587	6
584	556	74
584	588	49
584	589	49
584	590	49
584	591	9
584	592	9
584	593	9
584	594	9
584	595	9
584	596	9
584	556	72
584	35	77
584	24	78
584	597	79
584	598	23
584	599	73
584	82	80
584	600	4
584	564	4
584	534	4
584	536	4
584	11	4
584	536	4
584	601	4
584	587	2
602	603	23
602	604	6
602	605	81
602	74	4
602	606	4
602	607	4
602	608	4
602	609	4
602	610	4
602	536	4
602	611	4
602	612	4
602	613	4
602	614	4
602	37	4
602	275	4
602	536	4
602	615	4
602	80	4
602	616	4
602	533	4
602	617	4
602	11	4
602	534	4
602	618	4
602	619	22
602	604	2
602	35	82
602	620	9
602	621	9
602	622	9
602	623	9
602	624	9
602	625	9
626	627	9
626	628	9
626	629	23
626	627	83
626	626	2
626	630	73
626	35	84
626	556	74
626	631	3
626	35	85
626	632	86
626	633	86
626	287	37
626	82	87
626	565	75
626	634	88
626	556	72
626	635	89
626	530	4
626	535	4
626	636	4
626	529	4
626	541	4
626	534	4
626	540	4
626	536	4
626	550	4
626	275	4
626	37	4
626	536	4
626	57	4
626	533	4
626	548	4
626	564	4
626	74	4
626	637	4
626	638	4
626	538	4
626	11	4
626	639	22
640	640	6
640	640	2
640	74	4
640	275	4
640	534	4
640	536	4
640	11	4
640	641	4
640	642	4
640	643	4
640	644	4
640	643	4
640	37	4
640	645	4
640	536	4
640	646	4
640	647	4
640	648	4
640	533	4
640	649	9
640	650	90
640	287	90
651	565	75
651	35	85
651	652	86
651	653	86
651	556	74
651	556	72
651	654	22
651	541	4
651	564	4
651	534	4
651	538	4
651	535	4
651	536	4
651	536	4
651	11	4
651	287	37
651	655	83
651	651	2
651	82	87
651	656	36
651	657	3
651	658	23
651	659	73
651	660	9
651	661	88
651	35	84
662	24	91
662	663	92
662	664	2
662	665	37
662	666	23
662	667	93
662	668	93
662	669	4
662	536	4
662	534	4
662	670	4
662	536	4
662	671	4
662	616	4
662	11	4
662	672	4
662	612	4
662	673	9
662	674	94
662	565	95
662	675	6
662	676	6
662	677	22
662	678	88
679	680	96
679	681	97
679	682	98
679	683	6
679	683	2
679	684	99
679	685	22
679	686	22
679	687	100
679	688	101
679	689	4
679	690	4
679	691	4
679	11	4
679	680	4
679	688	4
679	692	4
679	693	9
679	694	9
679	695	9
679	696	9
679	697	9
679	698	9
679	699	9
679	700	9
679	701	9
679	681	9
679	702	9
679	703	9
679	704	102
679	705	23
679	706	103
679	707	104
708	709	9
708	710	9
708	711	9
708	712	23
708	704	102
708	713	97
708	714	99
708	689	4
708	690	4
708	680	4
708	692	4
708	11	4
708	715	4
708	716	4
708	691	4
708	687	100
708	717	103
708	715	101
708	718	104
708	719	6
708	720	2
708	680	96
708	721	98
708	722	22
723	724	2
723	724	6
723	725	102
723	680	96
723	726	22
723	727	97
723	728	98
723	729	23
723	730	9
723	731	9
723	732	9
723	733	9
723	734	9
723	735	9
723	736	9
723	737	9
723	687	100
723	738	103
723	715	101
723	680	4
723	715	4
723	716	4
723	692	4
723	11	4
723	689	4
723	691	4
723	690	4
723	727	105
723	714	99
739	740	97
739	741	6
739	742	98
739	680	4
739	689	4
739	743	4
739	690	4
739	691	4
739	744	4
739	692	4
739	11	4
739	680	96
739	684	99
739	745	9
739	746	9
739	747	9
739	742	9
739	741	2
739	748	102
739	749	100
739	743	101
739	750	103
751	752	106
751	753	103
751	754	98
751	755	104
751	756	96
751	757	97
751	758	101
751	759	9
751	760	9
751	761	9
751	754	9
751	762	9
751	763	4
751	80	4
751	74	4
751	764	4
751	765	4
751	11	4
751	37	4
751	766	4
751	45	4
751	689	4
751	692	4
751	63	4
751	756	4
751	691	4
751	767	4
751	768	2
769	770	2
769	771	103
769	772	104
769	773	23
769	774	98
769	775	101
769	776	107
769	777	107
769	778	107
769	779	107
769	780	107
769	781	107
769	691	4
769	782	4
769	692	4
769	74	4
769	37	4
769	783	4
769	784	4
769	785	4
769	11	4
769	786	4
769	80	4
769	689	4
769	45	4
769	63	4
769	787	9
769	788	9
769	789	9
769	790	9
769	791	9
769	792	9
769	793	9
769	794	9
769	795	9
769	796	9
769	797	9
769	798	9
769	799	9
769	800	9
769	801	9
769	802	9
769	803	9
769	804	9
769	774	9
769	805	9
769	806	9
769	807	9
769	808	9
769	809	9
769	810	22
769	811	99
769	783	96
769	774	97
769	812	102
769	770	6
769	813	106
814	692	4
814	815	4
814	11	4
814	690	4
814	689	4
814	691	4
814	680	4
814	680	96
814	816	9
814	814	6
814	817	98
814	818	98
814	814	2
814	819	100
814	687	100
814	820	103
814	821	103
822	814	97
823	814	97
824	814	97
814	815	101
814	825	107
814	826	107
827	11	4
827	691	4
827	692	4
827	782	4
827	783	4
827	689	4
827	828	9
827	829	9
827	830	9
827	831	9
827	832	98
827	833	106
827	783	96
827	834	103
827	835	103
827	836	107
827	828	97
827	837	104
827	838	2
827	839	101
840	841	101
840	842	6
840	714	99
840	843	9
840	844	9
840	845	9
840	846	9
840	847	9
840	848	9
840	691	4
840	690	4
840	11	4
840	849	4
840	689	4
840	680	4
840	692	4
840	850	4
840	851	22
840	852	103
840	704	102
840	853	23
840	854	97
840	680	96
840	687	100
840	855	98
840	856	104
840	842	2
857	858	98
857	859	101
857	860	107
857	861	107
857	862	107
857	863	107
857	864	2
857	865	97
857	11	4
857	691	4
857	690	4
857	689	4
857	692	4
857	866	4
857	680	4
857	858	9
857	867	9
857	868	9
857	680	96
857	869	103
857	749	100
857	866	100
870	871	4
870	872	4
870	873	4
870	874	4
870	11	4
870	875	4
870	876	4
870	877	4
870	878	4
879	870	108
870	880	6
870	871	4
881	870	109
870	880	2
870	882	110
870	883	110
870	35	111
870	881	108
870	879	109
870	884	112
870	885	9
870	886	9
870	887	113
888	82	114
888	82	114
889	888	109
888	890	113
888	891	113
888	892	110
888	893	110
888	894	110
895	888	108
896	888	108
888	897	115
888	898	115
888	889	108
888	35	111
888	899	2
888	896	109
888	895	109
888	900	9
888	901	9
888	902	9
888	903	9
888	904	9
888	905	9
888	906	9
888	618	4
888	874	4
888	907	4
888	908	4
888	875	4
888	11	4
888	909	4
888	910	4
888	877	4
888	872	4
888	37	4
888	878	4
888	74	4
888	80	4
888	911	4
888	912	6
888	913	6
888	897	116
888	898	116
888	914	117
888	915	118
888	916	118
917	918	2
917	919	34
917	920	34
917	921	6
917	394	119
917	922	120
917	35	111
917	452	4
917	923	4
917	924	4
917	275	4
917	925	4
917	874	4
917	926	4
917	11	4
917	927	4
917	928	4
917	877	4
917	37	4
917	929	4
917	74	4
917	930	4
917	80	4
917	618	4
917	931	4
917	454	4
917	281	4
917	872	4
917	932	4
917	933	9
917	934	9
917	935	9
917	936	9
917	937	9
917	82	114
917	938	121
917	939	121
917	940	121
917	941	121
917	942	121
917	943	121
917	944	122
917	945	123
917	946	124
947	948	6
947	949	2
947	950	121
947	951	121
947	952	121
947	953	121
947	954	121
947	35	111
947	11	4
947	927	4
947	872	4
947	874	4
947	926	4
947	923	4
947	877	4
947	955	124
947	956	125
947	957	9
947	958	9
947	959	9
947	960	9
947	934	9
947	961	9
947	962	9
947	963	123
947	964	126
965	927	4
965	926	4
965	874	4
965	923	4
965	872	4
965	11	4
965	877	4
965	966	37
965	967	9
965	968	9
965	969	9
965	970	9
965	971	9
965	972	9
965	973	9
965	974	9
965	975	124
965	976	121
965	977	121
965	978	6
965	979	127
965	980	2
981	982	109
982	983	112
982	984	6
982	981	108
985	982	108
982	986	4
982	82	114
982	983	122
982	985	109
982	987	2
982	988	110
982	989	9
982	873	4
982	874	4
982	876	4
982	11	4
982	875	4
982	872	4
982	871	4
982	878	4
982	877	4
990	872	4
990	873	4
990	11	4
990	876	4
990	875	4
990	878	4
990	618	4
990	991	4
990	874	4
990	910	4
990	992	4
990	993	4
990	877	4
990	994	4
990	909	4
990	37	4
990	995	4
990	80	4
990	871	4
990	74	4
996	990	108
990	997	108
990	35	111
990	996	109
997	990	109
990	82	114
990	998	112
990	999	6
990	1000	113
990	1001	113
990	1002	2
990	1003	9
990	1004	9
990	1005	9
990	1006	9
990	1007	9
990	1008	9
990	1009	110
1010	1011	122
1010	1012	122
1010	35	111
1010	1011	115
1010	1013	110
1010	1014	110
1010	874	4
1010	878	4
1010	11	4
1010	907	4
1010	872	4
1010	74	4
1010	875	4
1010	37	4
1010	80	4
1010	911	4
1010	877	4
1010	1015	4
1010	909	4
1010	1016	4
1010	618	4
1010	910	4
1010	1017	9
1010	1018	9
1010	1019	9
1010	1020	9
1010	1021	9
1010	1022	9
1010	1023	9
1010	1024	9
1010	1025	9
1010	1011	116
1010	1026	6
1010	1027	118
1010	1028	113
1010	1026	2
1029	1030	2
1029	874	4
1029	872	4
1029	877	4
1029	1031	4
1029	1032	4
1029	11	4
1029	1033	4
1029	1030	6
1029	958	9
1029	961	9
1029	936	9
1029	1034	9
1029	934	9
1029	1035	9
1029	933	9
1029	1036	9
1029	1037	9
1029	1038	9
1029	1039	9
1029	1040	124
1029	1041	128
1042	1043	124
1042	927	4
1042	877	4
1042	872	4
1042	874	4
1042	926	4
1042	11	4
1042	923	4
1042	1044	121
1042	35	111
1042	1045	9
1042	1046	9
1042	1047	9
1042	1048	9
1042	1037	9
1042	1049	9
1042	1050	2
1042	1051	37
1042	1052	6
1042	1053	126
1054	1055	9
1054	1056	9
1054	1057	9
1054	1058	9
1054	1059	9
1054	1060	9
1054	1061	9
1054	1062	9
1054	1063	9
1054	1064	9
1065	1054	129
1054	1066	130
1054	1065	130
1054	1067	130
1054	24	10
1054	1068	6
1054	1069	6
1054	1070	6
1065	1054	131
1054	1071	20
1054	1071	20
1054	24	27
1054	1072	2
1054	54	4
1054	1073	4
1054	1074	4
1054	6	4
1054	41	4
1054	1075	4
1054	57	4
1054	263	4
1054	43	4
1054	9	4
1054	1076	4
1054	1077	4
1054	45	4
1054	1078	4
1054	41	4
1054	71	4
1054	1079	4
1054	80	4
1054	1080	4
1054	1081	4
1054	1082	4
1054	41	4
1054	1083	4
1054	11	4
1054	52	4
1054	64	4
1054	1084	4
1054	1085	4
1054	63	4
1054	74	4
1054	37	4
1054	1086	4
1054	1087	4
1054	1088	4
1054	65	4
1054	1089	4
1054	1090	131
1054	24	24
1054	24	28
1054	1091	22
1054	1092	31
1054	1093	23
1054	1094	132
1054	1071	132
1054	1095	129
1096	80	4
1096	71	4
1096	74	4
1096	61	4
1096	1097	4
1096	1098	4
1096	64	4
1096	11	4
1096	37	4
1096	65	4
1096	45	4
1096	6	4
1096	57	4
1096	1099	4
1096	1100	4
1096	41	4
1096	41	4
1096	1101	4
1096	59	4
1096	68	4
1096	1102	4
1096	52	4
1096	1103	4
1096	1104	4
1096	54	4
1096	50	4
1096	41	4
1096	43	4
1096	63	4
1096	9	4
1096	1105	20
1096	1105	20
1096	1106	18
1096	1107	6
1096	1108	6
1096	1109	6
1096	1110	9
1096	1111	9
1096	1112	9
1096	1113	9
1096	105	9
1096	1114	9
1096	1115	9
1096	82	13
1096	1116	16
1096	24	25
1096	1117	21
1096	35	26
1096	1118	133
1096	1107	2
1119	41	4
1119	54	4
1119	9	4
1119	11	4
1119	41	4
1119	41	4
1119	71	4
1119	43	4
1119	6	4
1119	1120	9
1119	1121	9
1119	1122	9
1119	1123	9
1119	1124	9
1119	1125	9
1119	1126	9
1119	1127	9
1119	1128	9
1119	1129	6
1119	1130	6
1119	82	28
1119	24	25
1119	1131	21
1119	82	13
1119	1132	16
1119	24	27
1119	1133	20
1119	1133	20
1119	1130	2
1134	24	25
1134	1135	9
1134	1136	9
1134	1137	9
1134	1138	9
1134	105	9
1134	1139	9
1134	1140	9
1134	1141	9
1134	1142	9
1134	1143	9
1134	1144	9
1134	1145	9
1134	1146	2
1134	1147	134
1134	59	4
1134	6	4
1134	1148	4
1134	41	4
1134	41	4
1134	43	4
1134	9	4
1134	71	4
1134	11	4
1134	41	4
1134	1149	4
1134	54	4
1134	1150	6
1134	1146	6
1134	82	13
1134	1151	21
1134	1152	16
1134	1153	19
1134	35	26
1134	1154	135
1134	1155	135
1134	1156	135
1134	1157	135
1134	1158	135
1134	1159	135
1134	1160	29
1134	1161	15
1134	1162	15
1134	1163	15
1134	1164	15
1134	1165	15
1134	1166	15
1134	1167	20
1134	1167	20
1168	665	19
1168	1169	19
1168	1170	110
1168	1171	110
1168	24	24
1168	1172	136
1168	1173	42
1174	1168	137
1175	1168	137
1168	1176	21
1168	37	4
1168	63	4
1168	262	4
1168	71	4
1168	74	4
1168	6	4
1168	41	4
1168	1177	4
1168	65	4
1168	261	4
1168	54	4
1168	1178	4
1168	257	4
1168	41	4
1168	1179	4
1168	1180	4
1168	50	4
1168	52	4
1168	9	4
1168	80	4
1168	45	4
1168	57	4
1168	41	4
1168	263	4
1168	43	4
1168	64	4
1168	11	4
1168	24	25
1168	1181	2
1168	1182	20
1168	1182	20
1168	1183	138
1168	1184	6
1168	1185	6
1168	82	13
1168	1174	139
1168	1175	139
1168	1186	16
1168	1183	127
1168	1187	3
1168	1188	9
1168	1189	9
1168	1190	9
1168	1191	9
1168	105	9
1168	1192	9
1168	1193	9
1194	1195	19
1194	1196	19
1194	1197	6
1194	1198	6
1194	1199	6
1194	1200	4
1194	61	4
1194	1201	4
1194	1202	4
1194	1203	4
1194	54	4
1194	52	4
1194	11	4
1194	9	4
1194	1149	4
1194	1204	4
1194	45	4
1194	6	4
1194	57	4
1194	41	4
1194	50	4
1194	73	4
1194	59	4
1194	68	4
1194	64	4
1194	80	4
1194	65	4
1194	41	4
1194	74	4
1194	43	4
1194	71	4
1194	1148	4
1194	63	4
1194	37	4
1194	41	4
1194	1205	9
1194	105	9
1194	1206	9
1194	1207	9
1194	1208	9
1194	1209	9
1194	1210	9
1194	1211	9
1194	1212	9
1194	1213	134
1194	35	26
1194	1214	133
1194	1215	16
1194	1216	23
1194	1198	2
1194	1217	29
1194	1218	20
1194	1218	20
1194	82	13
1194	82	13
1194	1219	21
1194	1220	15
1194	1221	15
1194	1222	15
1194	1223	15
1194	1224	15
1194	1225	15
1194	1226	135
1194	1227	135
1194	1228	135
1194	1229	135
1194	1230	135
1194	1231	135
1194	1232	135
1194	24	25
1194	1233	22
1234	1194	140
1235	1194	140
1236	1194	140
1237	1194	140
1238	1239	21
1240	1238	44
1238	1241	31
1238	1242	31
1238	82	28
1238	1243	6
1238	1244	6
1238	82	13
1238	1245	9
1238	1246	9
1238	1247	9
1238	1248	9
1238	1249	9
1238	1189	9
1238	1250	9
1238	71	4
1238	65	4
1238	54	4
1238	43	4
1238	41	4
1238	11	4
1238	57	4
1238	63	4
1238	41	4
1238	1251	4
1238	37	4
1238	74	4
1238	64	4
1238	52	4
1238	1252	4
1238	6	4
1238	1253	4
1238	1254	4
1238	41	4
1238	80	4
1238	1255	4
1238	45	4
1238	9	4
1238	1256	20
1238	1256	20
1257	1238	141
1238	24	27
1238	1244	2
1238	1258	16
1238	1259	19
1238	1260	19
1238	1242	19
1238	24	25
1261	82	13
1261	1262	16
1261	1263	20
1261	1263	20
1261	1264	9
1261	105	9
1261	1265	9
1261	24	25
1261	1266	6
1261	1267	6
1261	1267	142
1261	1268	33
1261	54	4
1261	65	4
1261	37	4
1261	11	4
1261	50	4
1261	9	4
1261	63	4
1261	45	4
1261	52	4
1261	43	4
1261	41	4
1261	71	4
1261	64	4
1261	57	4
1261	6	4
1261	41	4
1261	41	4
1261	80	4
1261	74	4
1261	1267	2
1261	1269	21
1261	1270	38
1261	1271	38
1261	588	19
1261	1272	19
1261	1273	19
1274	1275	135
1274	35	26
1274	1276	15
1274	1277	21
1274	1278	16
1274	24	25
1274	1279	9
1274	1280	9
1274	105	9
1274	1281	9
1274	1282	20
1274	1282	20
1274	1160	29
1274	65	4
1274	73	4
1274	45	4
1274	11	4
1274	64	4
1274	57	4
1274	80	4
1274	71	4
1274	41	4
1274	50	4
1274	41	4
1274	59	4
1274	61	4
1274	1149	4
1274	37	4
1274	1202	4
1274	41	4
1274	52	4
1274	6	4
1274	54	4
1274	9	4
1274	63	4
1274	1148	4
1274	68	4
1274	43	4
1274	74	4
1274	1283	4
1274	82	13
1274	1284	6
1274	1285	6
1274	1286	6
1274	1284	2
1287	1288	19
1287	588	19
1287	24	27
1287	1289	31
1287	1290	16
1287	1291	21
1287	82	13
1287	1292	2
1287	24	25
1287	1293	4
1287	41	4
1287	9	4
1287	1294	4
1287	1295	4
1287	1296	4
1287	52	4
1287	1297	4
1287	1298	4
1287	1299	4
1287	43	4
1287	1300	4
1287	74	4
1287	54	4
1287	11	4
1287	64	4
1287	50	4
1287	80	4
1287	37	4
1287	57	4
1287	41	4
1287	1301	4
1287	1302	4
1287	1303	4
1287	41	4
1287	63	4
1287	6	4
1287	40	4
1287	45	4
1287	71	4
1287	65	4
1287	1304	9
1287	1305	9
1287	1306	9
1287	1307	9
1287	1308	9
1287	1309	9
1287	1310	9
1287	1311	9
1287	1312	9
1287	1313	9
1287	1314	20
1287	1314	20
1287	1292	6
1287	1315	6
1287	82	28
1316	1317	143
1316	1318	6
1316	1319	144
1316	1320	9
1316	1321	9
1316	1322	9
1316	1323	4
1316	361	4
1316	361	4
1316	362	4
1316	363	4
1316	366	4
1316	365	4
1316	11	4
1316	362	4
1316	35	145
1316	35	145
1316	1319	146
1316	35	147
1316	35	147
1316	1324	2
1316	1325	49
1316	1326	49
1316	1317	148
1316	1327	149
1316	1328	150
1316	1329	151
1316	1327	152
1316	1317	153
1316	565	154
1316	1317	155
1330	1329	148
1330	1331	23
1332	1330	156
1330	1333	150
1330	1334	49
1330	1335	49
1330	474	49
1330	1336	144
1330	1336	146
1330	1329	155
1330	35	147
1330	35	147
1330	1337	149
1330	363	4
1330	362	4
1330	361	4
1330	365	4
1330	362	4
1330	1323	4
1330	11	4
1330	366	4
1330	361	4
1330	1338	22
1330	474	37
1330	565	154
1330	1339	2
1330	1340	9
1330	1341	9
1330	1342	9
1330	1343	9
1330	1336	152
1330	1344	153
1330	35	145
1330	35	145
1330	1329	143
1330	1345	151
1330	1346	6
1347	362	4
1347	361	4
1347	361	4
1347	364	4
1347	367	4
1347	365	4
1347	368	4
1347	362	4
1347	366	4
1347	11	4
1347	363	4
1347	1348	9
1347	1349	9
1347	1350	9
1347	1351	9
1347	1352	46
1347	1353	46
1347	1354	46
1347	1355	46
1347	1356	46
1347	1357	46
1347	1358	46
1347	1359	46
1347	1360	46
1347	1361	46
1347	1362	46
1347	1363	2
1364	1365	15
1364	1366	15
1364	1367	9
1364	1368	9
1364	1369	9
1364	1370	9
1364	1371	6
1364	1372	36
1373	1364	48
1364	1374	56
1364	1371	2
1364	1375	48
1364	361	4
1364	366	4
1364	365	4
1364	11	4
1364	371	4
1364	362	4
1364	361	4
1364	363	4
1364	362	4
1364	1376	49
1364	82	50
1364	1373	47
1375	1364	47
1364	1377	46
1378	1379	9
1378	1380	9
1378	1381	9
1378	1382	9
1378	1383	2
1378	1384	36
1378	82	50
1378	1385	47
1386	1378	47
1378	361	4
1378	362	4
1378	366	4
1378	11	4
1378	365	4
1378	363	4
1378	361	4
1378	371	4
1378	362	4
1378	1386	48
1378	1387	15
1378	1388	15
1378	1389	46
1378	1383	6
1385	1378	48
1378	1390	49
1391	1392	6
1391	1393	15
1391	1394	15
1391	1395	47
1391	1396	49
1391	82	50
1391	1397	36
1398	1391	47
1391	1399	9
1391	1400	9
1391	1401	9
1391	362	4
1391	11	4
1391	361	4
1391	362	4
1391	365	4
1391	363	4
1391	366	4
1391	371	4
1391	361	4
1395	1391	48
1391	1402	2
1391	1403	46
1391	1398	48
1404	1405	44
1404	11	4
1404	363	4
1404	366	4
1404	361	4
1404	448	4
1404	361	4
1404	365	4
1404	1406	9
1404	1407	9
1404	1408	9
1404	1409	9
1404	1410	61
1404	82	50
1404	1411	22
1404	196	57
1404	1412	57
1404	1413	6
1404	1414	59
1404	1415	62
1404	1416	62
1404	1417	62
1404	1418	23
1404	1419	60
1404	1420	60
1404	1421	60
1404	1422	60
1404	1423	60
1404	1424	2
1425	1426	44
1425	1427	44
1425	1428	44
1425	1429	57
1425	1430	157
1425	1431	6
1425	82	50
1430	1425	157
1425	1432	9
1425	1433	9
1425	1434	9
1425	1435	58
1425	1436	59
1425	366	4
1425	361	4
1425	361	4
1425	363	4
1425	448	4
1425	11	4
1425	365	4
1425	1437	2
1425	1438	22
1425	1439	62
1425	1440	62
1425	1441	23
1442	1443	59
1442	1444	23
1442	1445	6
1442	1446	57
1442	1447	57
1442	1448	58
1442	1449	62
1442	1450	62
1442	449	4
1442	365	4
1442	1451	4
1442	361	4
1442	457	4
1442	454	4
1442	452	4
1442	447	4
1442	446	4
1442	361	4
1442	1452	4
1442	366	4
1442	11	4
1442	281	4
1442	448	4
1442	363	4
1442	275	4
1442	1453	4
1442	1454	4
1442	1455	22
1442	1456	9
1442	1457	9
1442	1458	9
1442	1459	9
1442	1460	9
1442	1461	9
1442	1445	2
1442	82	50
1462	1463	22
1462	1464	58
1465	1462	43
1466	1462	43
1467	1462	43
1462	1468	9
1462	1469	9
1462	1470	9
1462	1471	9
1462	1472	9
1462	1473	9
1462	1474	9
1462	1475	9
1462	82	50
1462	1476	23
1462	1477	59
1462	1478	61
1462	1479	61
1462	1480	61
1462	1481	2
1462	1482	57
1462	1483	57
1462	1481	6
1462	1484	60
1462	1485	60
1462	1486	4
1462	450	4
1462	1487	4
1462	363	4
1462	1488	4
1462	449	4
1462	446	4
1462	454	4
1462	11	4
1462	1489	4
1462	1490	4
1462	452	4
1462	925	4
1462	1491	4
1462	361	4
1462	281	4
1462	1492	4
1462	457	4
1462	448	4
1462	447	4
1462	366	4
1462	361	4
1462	365	4
1462	1493	4
1462	1494	4
1462	275	4
1462	1495	62
1462	1496	62
1462	1497	62
1498	529	4
1498	540	4
1498	11	4
1498	1499	4
1498	535	4
1498	550	4
1498	536	4
1498	37	4
1498	530	4
1498	538	4
1498	536	4
1498	57	4
1498	549	4
1498	551	4
1498	532	4
1498	275	4
1498	548	4
1498	564	4
1498	533	4
1498	74	4
1498	534	4
1498	541	4
1498	537	4
1498	558	69
1498	559	69
1498	1500	9
1498	1501	6
1498	1502	6
1498	565	75
1498	566	71
1498	568	37
1498	556	72
1498	556	74
1498	1503	70
1498	1504	70
1498	1505	70
1498	1506	70
1498	1507	73
1498	1501	2
1508	1509	6
1508	1510	73
1508	564	4
1508	536	4
1508	1511	4
1508	530	4
1508	533	4
1508	529	4
1508	1512	4
1508	11	4
1508	57	4
1508	548	4
1508	536	4
1508	534	4
1508	538	4
1508	550	4
1508	535	4
1508	37	4
1508	549	4
1508	74	4
1508	540	4
1508	541	4
1508	275	4
1508	551	4
1508	1513	70
1508	1514	37
1508	1515	9
1508	1516	2
1508	556	72
1508	556	74
1508	1517	69
1508	35	85
1508	1518	71
1519	556	74
1519	1520	158
1519	1051	37
1519	1521	37
1519	1522	37
1519	1523	23
1519	556	72
1519	1524	22
1519	529	4
1519	275	4
1519	540	4
1519	536	4
1519	37	4
1519	539	4
1519	564	4
1519	541	4
1519	535	4
1519	536	4
1519	1525	4
1519	57	4
1519	74	4
1519	530	4
1519	538	4
1519	533	4
1519	542	4
1519	11	4
1519	534	4
1519	1526	88
1519	1527	83
1519	565	75
1519	1528	9
1519	1527	9
1519	1529	9
1519	1530	2
1519	1531	73
1519	1530	6
1519	1532	86
1533	1534	9
1533	556	74
1533	1535	22
1533	528	70
1533	1536	70
1533	196	37
1533	536	4
1533	74	4
1533	532	4
1533	1537	4
1533	537	4
1533	534	4
1533	564	4
1533	536	4
1533	533	4
1533	57	4
1533	11	4
1533	541	4
1533	539	4
1533	540	4
1533	538	4
1533	530	4
1533	535	4
1533	542	4
1533	275	4
1533	529	4
1533	37	4
1533	526	69
1533	1538	23
1533	532	4
1533	545	71
1533	1533	2
1533	556	72
1533	1539	73
1533	565	75
1533	1540	6
1533	1533	6
1541	1542	73
1541	556	72
1541	565	75
1541	532	4
1541	1543	37
1541	1541	6
1541	1541	2
1541	1544	70
1541	1545	70
1541	1546	70
1541	556	74
1541	537	4
1541	536	4
1541	11	4
1541	535	4
1541	37	4
1541	542	4
1541	541	4
1541	534	4
1541	548	4
1541	540	4
1541	1547	4
1541	529	4
1541	530	4
1541	275	4
1541	532	4
1541	74	4
1541	564	4
1541	533	4
1541	538	4
1541	550	4
1541	539	4
1541	57	4
1541	536	4
1541	1548	9
1549	536	4
1549	275	4
1549	530	4
1549	533	4
1549	644	4
1549	534	4
1549	645	4
1549	536	4
1549	37	4
1549	11	4
1549	648	4
1549	643	4
1549	1550	4
1549	540	4
1549	643	4
1549	74	4
1549	1551	4
1549	1552	4
1549	641	4
1549	564	4
1549	57	4
1549	646	4
1549	1553	159
1549	35	85
1549	1554	90
1549	1555	90
1549	1556	160
1549	1557	73
1549	556	72
1549	1558	9
1549	1559	9
1549	1560	9
1549	1561	6
1549	35	161
1549	556	74
1549	1562	2
1563	1564	9
1563	1565	6
1563	35	77
1566	1563	31
1567	1563	31
1568	1563	31
1569	1563	31
1570	1563	31
1571	1563	31
1572	1563	31
1573	1563	31
1574	1563	31
1575	1563	31
1576	1563	31
1577	1563	31
1578	1563	31
1563	35	85
1563	548	4
1563	37	4
1563	550	4
1563	564	4
1563	530	4
1563	536	4
1563	534	4
1563	541	4
1563	11	4
1563	275	4
1563	57	4
1563	540	4
1563	536	4
1563	535	4
1563	74	4
1563	533	4
1563	538	4
1563	1579	4
1563	573	4
1563	556	74
1563	1580	23
1563	556	72
1563	1581	37
1563	1582	162
1563	1583	56
1563	1584	56
1563	1581	56
1563	1585	73
1563	1586	88
1563	1587	2
1563	35	163
1563	1588	22
1589	1563	49
1563	35	164
1563	565	75
1590	1563	19
1591	1563	19
1592	1563	19
1593	1563	19
1594	1563	19
1595	1563	19
1596	1563	19
1597	1563	19
1598	1563	19
1599	1563	19
1600	1563	19
1601	1563	19
1602	1563	19
1563	1603	165
1563	1604	166
1605	556	72
1605	35	163
1605	1605	6
1605	1606	162
1605	1605	2
1605	35	164
1605	1607	166
1605	1581	37
1605	1608	165
1605	1609	73
1605	35	77
1605	35	85
1605	1610	88
1605	535	4
1605	573	4
1605	536	4
1605	536	4
1605	534	4
1605	1611	4
1605	74	4
1605	564	4
1605	541	4
1605	538	4
1605	275	4
1605	11	4
1605	533	4
1605	550	4
1605	548	4
1605	540	4
1605	37	4
1605	57	4
1605	530	4
1605	565	75
1605	556	74
1605	1612	9
1613	35	85
1613	35	84
1613	1614	70
1613	1615	70
1613	1616	70
1613	1617	2
1613	556	74
1613	1618	22
1613	1619	73
1613	565	75
1613	1617	6
1613	1620	9
1613	556	72
1613	1621	37
1613	1622	23
1613	549	4
1613	57	4
1613	11	4
1613	534	4
1613	564	4
1613	37	4
1613	74	4
1613	536	4
1613	540	4
1613	538	4
1613	275	4
1613	530	4
1613	533	4
1613	550	4
1613	1623	4
1613	529	4
1613	551	4
1613	535	4
1613	536	4
1613	548	4
1613	541	4
1624	556	74
1624	532	4
1624	1625	70
1624	1626	70
1624	1627	70
1624	1628	73
1624	1543	37
1624	1624	2
1624	1624	6
1624	556	72
1624	1629	9
1624	564	4
1624	536	4
1624	530	4
1624	535	4
1624	536	4
1624	550	4
1624	74	4
1624	534	4
1624	529	4
1624	538	4
1624	541	4
1624	537	4
1624	532	4
1624	37	4
1624	11	4
1624	540	4
1624	57	4
1624	542	4
1624	539	4
1624	275	4
1624	1630	4
1624	548	4
1624	533	4
1631	1632	104
1631	63	4
1631	680	4
1631	1633	4
1631	690	4
1631	1634	4
1631	1635	4
1631	691	4
1631	37	4
1631	1636	4
1631	1637	4
1631	815	4
1631	692	4
1631	11	4
1631	689	4
1631	74	4
1631	80	4
1631	45	4
1631	1638	9
1631	1639	9
1631	1640	9
1631	1641	9
1631	1642	23
1631	704	102
1631	1643	98
1631	815	101
1631	687	100
1631	819	100
1631	1644	2
1631	1645	22
1631	684	99
1631	1646	97
1631	680	96
1631	1647	103
1631	820	103
1648	833	106
1648	1648	2
1648	839	101
1648	1649	98
1648	1650	98
1648	835	103
1648	1651	103
1652	1648	97
1653	1648	97
1654	1648	97
1648	783	96
1648	1655	23
1648	1648	9
1648	1648	6
1648	1656	22
1648	692	4
1648	11	4
1648	689	4
1648	783	4
1648	691	4
1648	782	4
1657	1658	107
1657	1659	107
1657	1660	107
1657	1661	107
1657	1662	6
1657	680	4
1657	691	4
1657	11	4
1657	689	4
1657	692	4
1657	690	4
1657	743	4
1657	744	4
1657	1663	103
1657	1664	98
1657	749	100
1657	1665	9
1657	1666	9
1657	1667	9
1657	743	101
1657	680	96
1657	1662	2
1657	1667	97
1668	1669	23
1668	1670	97
1668	1671	6
1668	743	101
1668	1663	103
1668	680	96
1668	1672	22
1668	749	100
1668	1671	2
1668	1673	107
1668	1674	107
1668	11	4
1668	680	4
1668	689	4
1668	691	4
1668	692	4
1668	743	4
1668	744	4
1668	690	4
1668	1675	9
1668	1676	9
1668	1677	98
1678	783	96
1678	1679	107
1678	1680	107
1678	1681	107
1678	1682	107
1678	1683	107
1678	1684	6
1678	839	101
1678	1685	98
1678	1686	98
1678	835	103
1678	1687	103
1678	1688	23
1678	1689	22
1678	833	106
1678	1684	2
1678	783	4
1678	692	4
1678	11	4
1678	691	4
1678	782	4
1678	689	4
1678	1685	9
1690	1691	104
1690	1692	6
1690	1693	2
1690	1694	9
1690	1695	9
1690	797	9
1690	1696	9
1690	1694	97
1690	782	4
1690	692	4
1690	783	4
1690	11	4
1690	691	4
1690	689	4
1690	1697	98
1690	839	101
1690	835	101
1690	783	96
1690	833	106
1690	1698	103
1699	1700	98
1699	1701	97
1699	1702	2
1699	1702	6
1699	1703	9
1699	1704	9
1699	1705	9
1699	1706	9
1699	1700	9
1699	690	4
1699	691	4
1699	850	4
1699	680	4
1699	11	4
1699	849	4
1699	692	4
1699	689	4
1699	841	101
1699	1707	103
1699	714	99
1699	687	100
1699	1708	104
1699	680	96
1709	783	96
1709	1710	102
1709	833	106
1709	1711	103
1709	835	103
1709	1712	98
1709	839	101
1709	1713	104
1709	1714	9
1709	1715	9
1709	1716	9
1709	1714	97
1709	1717	99
1709	1718	2
1709	11	4
1709	783	4
1709	689	4
1709	63	4
1709	782	4
1709	692	4
1709	74	4
1709	691	4
1709	37	4
1709	784	4
1709	80	4
1709	45	4
1709	1719	4
1720	1721	9
1720	1722	9
1720	1723	9
1720	1724	9
1720	1725	9
1720	689	4
1720	11	4
1720	783	4
1720	691	4
1720	782	4
1720	692	4
1720	1726	103
1720	1727	6
1720	1728	2
1720	1729	104
1720	1730	98
1720	1731	98
1720	1722	98
1720	1732	101
1720	833	106
1720	783	96
1733	783	96
1733	1734	2
1733	37	4
1733	11	4
1733	63	4
1733	689	4
1733	45	4
1733	74	4
1733	1735	4
1733	691	4
1733	783	4
1733	784	4
1733	782	4
1733	692	4
1733	80	4
1733	839	101
1733	1736	97
1733	1737	98
1733	833	106
1733	748	102
1733	1738	103
1733	835	103
1733	1739	9
1733	1736	9
1733	1717	99
1740	1741	6
1740	35	111
1740	1742	127
1740	1743	112
1740	1744	109
1740	1745	9
1740	1746	9
1747	1740	109
1740	1748	2
1740	11	4
1740	872	4
1740	878	4
1740	871	4
1740	873	4
1740	877	4
1740	876	4
1740	874	4
1740	875	4
1740	1749	113
1740	1747	108
1740	82	114
1744	1740	108
1740	1750	110
1751	82	167
1751	1752	110
1751	11	4
1751	80	4
1751	74	4
1751	1753	4
1751	872	4
1751	874	4
1751	910	4
1751	1754	4
1751	1755	4
1751	1756	4
1751	877	4
1751	37	4
1751	909	4
1751	618	4
1751	1757	4
1751	1758	6
1751	1759	3
1751	1760	49
1751	1760	37
1751	1761	9
1751	1758	2
1751	1762	127
1751	82	114
1751	1763	168
1751	1764	121
1751	1765	121
1751	1766	121
1751	1767	121
1751	1768	121
1769	1770	6
1769	1771	2
1769	82	114
1769	1772	34
1769	1773	110
1769	1772	122
1769	1774	116
1769	1775	109
1769	874	4
1769	911	4
1769	878	4
1769	11	4
1769	877	4
1769	907	4
1769	875	4
1769	872	4
1775	1769	108
1769	1776	118
1769	1774	115
1769	1777	169
1769	1778	9
1769	1779	9
1769	1780	9
1769	1781	9
1769	35	111
1782	24	170
1782	35	171
1782	874	4
1782	11	4
1782	1783	4
1782	877	4
1782	1784	4
1782	872	4
1782	1785	4
1782	1786	4
1782	1787	4
1782	1788	172
1782	1789	173
1782	1790	173
1782	1791	6
1782	1792	174
1782	1793	175
1782	1794	176
1782	1795	2
1782	24	177
1782	1796	178
1782	1187	3
1782	1797	9
1782	1798	9
1782	1799	9
1782	1800	9
1782	1801	9
1782	1802	9
1782	1803	179
1804	1805	108
1804	1806	109
1804	35	111
1804	1807	2
1804	1807	6
1804	1808	180
1806	1804	108
1804	1750	110
1804	1809	110
1804	1810	34
1804	82	114
1804	1811	122
1805	1804	109
1804	1810	116
1804	11	4
1804	877	4
1804	874	4
1804	872	4
1804	878	4
1804	875	4
1804	911	4
1804	907	4
1804	1812	113
1804	1810	115
1804	1813	9
1804	1814	9
1804	1815	9
1804	1816	9
1804	1817	9
1804	1818	9
1804	1819	9
1804	1820	9
1804	1821	9
1804	1822	118
1823	1824	23
1823	1825	3
1823	1826	181
1823	565	182
1823	1827	22
1823	1828	169
1823	1829	176
1823	1823	2
1823	1830	183
1823	1831	127
1823	1832	4
1823	80	4
1823	1833	4
1823	1834	4
1823	74	4
1823	877	4
1823	910	4
1823	1835	4
1823	37	4
1823	1836	4
1823	618	4
1823	1785	4
1823	930	4
1823	1837	4
1823	1838	4
1823	931	4
1823	1839	4
1823	874	4
1823	11	4
1823	909	4
1823	1786	4
1823	1840	4
1823	1783	4
1823	1841	4
1823	872	4
1823	1823	6
1823	1842	9
1823	1843	9
1823	1844	9
1823	1845	9
1823	1846	9
1823	1847	184
1823	1848	184
1849	1850	6
1849	35	111
1851	1849	109
1852	1849	109
1849	1853	9
1849	1854	9
1849	1855	9
1849	1856	9
1849	1857	9
1849	1858	110
1849	1859	110
1849	1860	22
1849	1850	2
1849	1861	115
1849	1862	109
1849	877	4
1849	874	4
1849	872	4
1849	878	4
1849	11	4
1849	907	4
1849	911	4
1849	875	4
1849	1863	113
1849	1864	113
1849	1851	108
1849	1861	34
1849	82	185
1849	1865	23
1849	1866	169
1849	1861	116
1862	1849	108
1849	1867	118
1868	1869	2
1868	1869	6
1870	1868	118
1868	1871	109
1871	1868	108
1868	1872	113
1868	1873	113
1868	1874	113
1868	35	111
1868	1875	110
1868	1876	110
1868	1877	122
1868	1878	122
1868	1879	122
1868	1880	122
1868	1881	112
1868	1882	9
1868	1883	9
1868	1884	9
1868	1885	9
1868	1886	9
1868	1887	9
1868	1888	9
1868	1889	9
1868	1890	9
1868	1891	9
1868	82	114
1868	80	4
1868	1892	4
1868	877	4
1868	874	4
1868	878	4
1868	873	4
1868	618	4
1868	11	4
1868	37	4
1868	1893	4
1868	1894	4
1868	1895	4
1868	74	4
1868	872	4
1868	875	4
1868	1896	4
1868	909	4
1868	1897	4
1868	1898	4
1868	871	4
1868	876	4
1868	992	4
1868	910	4
1868	1899	4
1900	35	111
1900	1901	110
1900	1750	110
1900	1902	6
1900	1903	2
1900	1904	9
1900	1905	9
1900	1872	113
1900	1874	113
1900	1906	23
1900	1907	3
1900	1908	22
1900	74	4
1900	877	4
1900	910	4
1900	1909	4
1900	37	4
1900	11	4
1900	618	4
1900	873	4
1900	1910	4
1900	872	4
1900	874	4
1900	1911	4
1900	878	4
1900	876	4
1900	992	4
1900	871	4
1900	909	4
1900	80	4
1900	875	4
1912	1913	9
1912	1914	110
1912	1915	112
1912	1916	122
1912	1917	2
1912	1918	113
1919	1912	109
1912	1917	6
1912	872	4
1912	875	4
1912	877	4
1912	876	4
1912	80	4
1912	992	4
1912	878	4
1912	74	4
1912	1920	4
1912	871	4
1912	909	4
1912	11	4
1912	874	4
1912	910	4
1912	618	4
1912	37	4
1912	873	4
1912	35	111
1912	871	4
1912	1921	109
1912	1919	108
1912	1922	186
1912	1923	186
1924	1925	6
1924	1926	6
1924	1927	22
1924	1928	187
1924	82	13
1924	1929	16
1924	24	27
1924	1930	130
1924	82	188
1924	82	189
1924	1931	9
1924	1932	9
1924	1933	9
1924	1934	9
1924	1935	9
1924	1936	9
1924	1937	9
1924	1938	9
1924	1939	9
1924	1940	9
1924	1941	9
1924	1942	9
1924	1943	9
1924	1944	9
1924	1945	9
1924	24	25
1924	82	28
1924	1946	31
1924	1947	31
1948	1924	130
1924	1949	21
1924	1950	20
1924	1950	20
1924	1951	23
1924	74	4
1924	1952	4
1924	1953	4
1924	37	4
1924	11	4
1924	1954	4
1924	65	4
1924	52	4
1924	40	4
1924	9	4
1924	1955	4
1924	1956	4
1924	45	4
1924	64	4
1924	41	4
1924	1957	4
1924	57	4
1924	1958	4
1924	80	4
1924	1959	4
1924	1960	4
1924	217	4
1924	54	4
1924	43	4
1924	1961	4
1924	41	4
1924	1962	4
1924	1963	4
1924	1964	4
1924	71	4
1924	219	4
1924	6	4
1924	1965	4
1924	41	4
1924	63	4
1924	1966	2
1924	1967	19
1924	1923	19
1968	1969	2
1968	1970	16
1968	1971	20
1968	1971	20
1968	24	25
1968	1972	21
1968	82	28
1968	24	27
1968	54	4
1968	37	4
1968	43	4
1968	45	4
1968	74	4
1968	71	4
1968	1973	4
1968	9	4
1968	63	4
1968	41	4
1968	52	4
1968	1974	4
1968	57	4
1968	6	4
1968	65	4
1968	41	4
1968	1975	4
1968	11	4
1968	1976	4
1968	80	4
1968	41	4
1968	64	4
1968	24	13
1968	1969	6
1968	1977	6
1968	1978	9
1968	1979	9
1968	1980	9
1968	1981	9
1968	1982	9
1983	1984	22
1983	1985	190
1983	1986	23
1983	1987	2
1983	1988	19
1983	1989	19
1983	1990	16
1983	1991	9
1983	1992	9
1983	1993	9
1983	1279	9
1983	1994	9
1983	105	9
1983	1995	9
1983	1996	9
1983	1997	9
1983	1998	110
1983	1999	110
1983	2000	21
1983	82	13
1983	2001	191
1983	2002	113
1983	2003	6
1983	2004	6
2005	1983	192
2006	1983	192
2007	1983	112
2008	1983	112
1983	2009	20
1983	2009	20
1983	2010	3
1983	1976	4
1983	1975	4
1983	11	4
1983	43	4
1983	45	4
1983	52	4
1983	61	4
1983	2011	4
1983	80	4
1983	63	4
1983	2012	4
1983	64	4
1983	2013	4
1983	37	4
1983	2014	4
1983	2015	4
1983	2016	4
1983	74	4
1983	65	4
1983	6	4
1983	2017	4
1983	9	4
1983	68	4
1983	41	4
1983	41	4
1983	2018	4
1983	2019	4
1983	57	4
1983	2020	4
1983	2021	4
1983	50	4
1983	2022	4
1983	71	4
1983	2023	4
1983	2024	4
1983	41	4
1983	2025	4
1983	2026	4
1983	54	4
1983	24	25
2005	1983	193
2006	1983	193
2027	2028	19
2027	2029	19
2027	2030	19
2027	82	13
2027	2031	138
2027	2032	23
2033	2027	194
2027	2034	2
2027	2035	195
2027	2036	142
2027	24	25
2027	2031	196
2027	2037	197
2027	2038	35
2027	2039	35
2027	2040	35
2027	2041	35
2027	2042	22
2027	2043	9
2027	2044	9
2027	2045	9
2027	2046	9
2027	2047	9
2027	2048	9
2027	2049	9
2027	2050	9
2027	2051	9
2027	2052	9
2027	2053	9
2027	2054	9
2027	2055	20
2027	2055	20
2027	2056	198
2027	2057	38
2027	2058	38
2027	2059	38
2027	41	4
2027	2060	4
2027	45	4
2027	80	4
2027	63	4
2027	64	4
2027	1297	4
2027	6	4
2027	71	4
2027	41	4
2027	41	4
2027	57	4
2027	11	4
2027	65	4
2027	52	4
2027	9	4
2027	1293	4
2027	43	4
2027	2061	4
2027	74	4
2027	263	4
2027	37	4
2027	257	4
2027	54	4
2056	2027	198
2027	2034	6
2027	24	27
2027	82	28
2062	2063	9
2062	2064	9
2062	2065	9
2062	2066	9
2062	2067	9
2062	2068	9
2062	2069	9
2062	2070	9
2062	2071	9
2062	2072	2
2062	2073	21
2062	2074	16
2062	54	4
2062	41	4
2062	9	4
2062	71	4
2062	41	4
2062	6	4
2062	41	4
2062	11	4
2062	43	4
2062	24	13
2062	24	27
2062	2075	20
2062	2075	20
2062	2076	6
2062	2072	6
2062	24	28
2062	24	25
2077	362	4
2077	368	4
2077	364	4
2077	361	4
2077	361	4
2077	367	4
2077	365	4
2077	362	4
2077	11	4
2077	363	4
2077	366	4
2077	2077	9
2077	2078	9
2077	2079	9
2077	2080	9
2077	2081	9
2077	2082	9
2077	2083	9
2077	2084	9
2077	2085	9
2077	2086	9
2077	2087	9
2077	2088	2
2077	2089	6
2077	2090	46
2077	2091	46
2077	2092	46
2077	2093	46
2077	1358	46
2077	2094	46
2077	2095	46
2077	398	3
2096	2097	58
2096	275	4
2096	452	4
2096	361	4
2096	11	4
2096	446	4
2096	449	4
2096	2098	4
2096	457	4
2096	363	4
2096	450	4
2096	281	4
2096	454	4
2096	365	4
2096	447	4
2096	361	4
2096	448	4
2096	366	4
2096	2099	4
2096	2100	59
2096	2101	2
2096	2102	61
2096	2103	22
2096	82	50
2096	2104	57
2096	2105	57
2096	2106	23
2096	2107	62
2096	2108	62
2096	2109	9
2096	2110	9
2096	2111	9
2096	2101	6
2112	361	4
2112	11	4
2112	366	4
2112	365	4
2112	363	4
2112	448	4
2112	361	4
2112	2113	6
2112	2114	9
2112	2115	9
2112	2116	57
2112	2117	57
2112	2118	2
2112	2119	44
2112	2120	44
2112	2121	59
2112	2122	60
2112	2123	60
2112	2124	61
2112	82	50
2112	2125	58
2112	2126	62
2127	322	58
2127	82	50
2127	2128	44
2127	2129	2
2127	2130	22
2127	2131	62
2127	2132	62
2127	2133	57
2127	2134	6
2127	2135	60
2127	2136	60
2127	448	4
2127	361	4
2127	11	4
2127	366	4
2127	363	4
2127	361	4
2127	365	4
2127	2137	9
2127	2138	23
2139	2140	62
2139	2141	62
2139	365	4
2139	2142	4
2139	281	4
2139	448	4
2139	2143	4
2139	2144	4
2139	454	4
2139	363	4
2139	2145	4
2139	366	4
2139	2146	4
2139	2147	4
2139	275	4
2139	2148	4
2139	361	4
2139	2149	4
2139	361	4
2139	447	4
2139	2150	4
2139	446	4
2139	2151	4
2139	11	4
2139	450	4
2139	457	4
2139	2152	4
2139	449	4
2139	452	4
2139	2153	61
2139	2154	59
2139	2155	57
2139	2156	57
2139	2157	57
2139	2158	6
2139	2159	44
2139	2158	2
2139	2160	22
2139	82	50
2139	2161	58
2162	2139	43
2139	2163	9
2139	2164	9
2139	2165	9
2139	2166	9
2139	2167	9
2139	2168	9
2139	2169	60
2139	2170	60
2139	2171	23
2172	2173	71
2172	2174	71
2172	2175	69
2172	2176	69
2172	1196	37
2172	2172	6
2172	2177	6
2172	2172	2
2172	535	4
2172	536	4
2172	11	4
2172	532	4
2172	541	4
2172	538	4
2172	534	4
2172	537	4
2172	536	4
2172	2178	9
2172	2179	70
2172	2180	70
2181	2182	90
2181	2183	90
2181	2184	199
2181	2185	23
2181	35	161
2181	2181	2
2181	2186	73
2181	2187	160
2181	2188	22
2181	556	74
2181	35	85
2181	536	4
2181	534	4
2181	2189	4
2181	564	4
2181	645	4
2181	648	4
2181	641	4
2181	643	4
2181	37	4
2181	11	4
2181	646	4
2181	533	4
2181	2190	4
2181	275	4
2181	536	4
2181	74	4
2181	643	4
2181	644	4
2181	556	72
2191	2181	200
2192	2181	200
2193	2181	200
2181	2194	200
2181	2181	6
2181	2195	9
2181	2196	9
2181	2197	9
2181	2198	9
2199	2200	49
2200	2201	73
2200	2202	88
2200	2203	9
2200	2204	9
2200	2205	158
2206	2200	19
2207	2200	19
2200	541	4
2200	11	4
2200	535	4
2200	534	4
2200	74	4
2200	275	4
2200	529	4
2200	540	4
2200	538	4
2200	530	4
2200	533	4
2200	539	4
2200	564	4
2200	37	4
2200	57	4
2200	2208	4
2200	542	4
2200	536	4
2200	536	4
2200	2209	86
2200	556	72
2200	556	74
2200	2200	2
2200	2210	201
2200	1521	37
2200	1051	37
2200	2200	6
2200	565	75
2211	2212	19
2213	2212	19
2212	2214	6
2212	2215	6
2212	2216	4
2212	2217	202
2212	2218	202
2212	2219	22
2212	35	203
2212	35	203
2212	35	84
2212	35	84
2212	556	72
2212	556	74
2212	2215	2
2212	35	204
2212	35	204
2212	1272	37
2220	2212	31
2212	2221	71
2212	533	4
2212	2222	4
2212	11	4
2212	529	4
2212	2223	4
2212	535	4
2212	534	4
2212	540	4
2212	536	4
2212	536	4
2212	530	4
2212	57	4
2212	549	4
2212	551	4
2212	564	4
2212	538	4
2212	74	4
2212	548	4
2212	275	4
2212	550	4
2212	37	4
2212	541	4
2212	2224	4
2212	2225	69
2212	2226	69
2212	565	75
2212	2227	9
2212	2228	9
2212	2212	9
2212	2229	9
2212	2230	9
2212	35	85
2231	2212	205
2212	2232	88
2212	2233	23
2234	2212	36
2212	82	206
2235	2212	49
2236	2212	49
2212	2237	73
2212	2216	207
2212	556	208
2212	35	209
2212	35	209
2212	2238	70
2212	2239	70
2212	2240	86
2212	2241	3
2212	2242	210
2212	2242	210
2243	2243	6
2243	556	72
2243	535	4
2243	533	4
2243	74	4
2243	37	4
2243	2244	4
2243	530	4
2243	536	4
2243	536	4
2243	57	4
2243	275	4
2243	529	4
2243	540	4
2243	541	4
2243	534	4
2243	538	4
2243	551	4
2243	549	4
2243	564	4
2243	11	4
2243	2243	2
2243	2245	71
2243	2246	22
2243	556	74
2243	2247	37
2243	2248	70
2243	2249	70
2243	2250	23
2243	2251	73
2243	2252	9
2243	2253	9
2254	680	96
2254	687	100
2254	704	102
2254	2255	2
2254	2256	9
2254	2257	9
2254	715	101
2254	684	99
2254	11	4
2254	715	4
2254	680	4
2254	691	4
2254	689	4
2254	716	4
2254	690	4
2254	692	4
2254	2255	6
2254	2258	98
2254	2259	98
2254	717	103
2260	680	96
2260	2261	97
2260	690	4
2260	2262	4
2260	1635	4
2260	2263	4
2260	45	4
2260	1636	4
2260	691	4
2260	2264	4
2260	11	4
2260	2265	4
2260	689	4
2260	74	4
2260	80	4
2260	680	4
2260	37	4
2260	1637	4
2260	1634	4
2260	815	4
2260	692	4
2260	63	4
2260	820	103
2260	821	103
2260	2266	98
2260	687	100
2260	2265	9
2260	815	101
2260	2267	2
2260	2267	6
2260	2268	107
2269	1710	102
2269	2270	6
2269	2271	98
2269	2272	9
2269	2273	9
2269	2274	9
2269	684	99
2269	687	100
2269	2270	2
2269	2274	97
2269	1637	4
2269	63	4
2269	2275	4
2269	74	4
2269	11	4
2269	80	4
2269	692	4
2269	691	4
2269	37	4
2269	680	4
2269	690	4
2269	689	4
2269	2276	4
2269	45	4
2269	2277	103
2269	680	96
2269	2276	101
2278	2279	97
2278	749	100
2278	2280	9
2278	2281	9
2278	2282	23
2278	2283	2
2278	691	4
2278	680	4
2278	690	4
2278	11	4
2278	689	4
2278	743	4
2278	744	4
2278	692	4
2278	2284	107
2278	2285	107
2278	1663	103
2278	2286	98
2278	680	96
2278	743	101
2278	2287	22
2288	687	100
2288	2289	98
2288	852	103
2288	689	4
2288	11	4
2288	692	4
2288	849	4
2288	690	4
2288	850	4
2288	680	4
2288	691	4
2288	841	101
2288	2290	97
2288	680	96
2288	2291	6
2288	748	102
2288	2291	2
2288	1717	99
2288	2292	104
2288	2293	9
2288	2290	9
2288	2294	9
2288	844	9
2295	2296	110
2295	2297	110
2295	2298	6
2295	2299	109
2295	2300	116
2295	35	111
2295	35	111
2295	2301	113
2295	2302	113
2295	2298	2
2295	2303	169
2299	2295	108
2295	82	114
2295	2304	34
2295	2300	115
2295	2305	118
2295	2306	9
2295	2307	9
2295	2308	9
2295	2309	9
2295	2310	9
2295	2311	9
2295	2312	9
2295	74	4
2295	910	4
2295	877	4
2295	37	4
2295	11	4
2295	618	4
2295	872	4
2295	911	4
2295	2313	4
2295	874	4
2295	907	4
2295	878	4
2295	875	4
2295	80	4
2295	909	4
2295	2314	108
2295	2304	122
2314	2295	109
2315	2315	6
2315	927	4
2315	924	4
2315	452	4
2315	923	4
2315	2316	4
2315	872	4
2315	2317	4
2315	275	4
2315	2318	4
2315	454	4
2315	929	4
2315	926	4
2315	2319	4
2315	931	4
2315	925	4
2315	80	4
2315	874	4
2315	281	4
2315	930	4
2315	618	4
2315	74	4
2315	11	4
2315	877	4
2315	37	4
2315	2320	4
2315	196	37
2315	2321	125
2315	2322	126
2315	2323	121
2315	2324	121
2315	2325	121
2315	2326	34
2315	2326	124
2315	2327	3
2315	2328	9
2315	2329	9
2315	2330	9
2315	2331	9
2315	2332	9
2315	2333	9
2315	2334	127
2315	2315	2
2335	2336	34
2335	35	111
2335	2336	115
2335	2337	2
2335	872	4
2335	878	4
2335	2338	4
2335	80	4
2335	11	4
2335	37	4
2335	911	4
2335	910	4
2335	877	4
2335	74	4
2335	875	4
2335	909	4
2335	618	4
2335	874	4
2335	907	4
2335	2339	122
2335	1874	113
2340	2335	108
2335	2340	109
2335	2341	9
2335	2342	9
2335	2343	9
2335	2344	9
2335	2345	9
2335	2346	9
2335	2347	9
2335	2348	9
2335	82	114
2335	2349	110
2335	2350	108
2335	2336	116
2335	2351	6
2350	2335	109
2335	2352	118
2353	2354	184
2353	1272	184
2353	2355	184
2353	2356	3
2353	1828	169
2353	565	182
2353	565	182
2353	877	4
2353	11	4
2353	909	4
2353	2357	4
2353	74	4
2353	930	4
2353	1832	4
2353	1785	4
2353	1838	4
2353	874	4
2353	37	4
2353	1834	4
2353	1835	4
2353	80	4
2353	1841	4
2353	2358	4
2353	1786	4
2353	1840	4
2353	1783	4
2353	910	4
2353	2359	4
2353	872	4
2353	931	4
2353	618	4
2353	1839	4
2353	2360	6
2353	2360	2
2353	2361	9
2353	2362	9
2353	2363	9
2353	2364	9
2353	2365	9
2353	2366	9
2353	2367	9
2353	1839	4
2353	2365	211
2368	2369	116
2368	2370	116
2371	2368	109
2368	2372	2
2368	2373	9
2368	2374	9
2368	2375	9
2368	2376	9
2368	2377	9
2368	2378	9
2368	2379	9
2368	2380	9
2368	2381	9
2368	2382	9
2368	2383	9
2368	1820	9
2368	2384	118
2368	2385	118
2368	2386	109
2368	35	111
2368	35	111
2368	2387	113
2368	2388	113
2368	2372	6
2368	2389	34
2368	2390	34
2368	2370	122
2368	2391	122
2368	2392	122
2368	2393	4
2368	11	4
2368	2394	4
2368	2395	4
2368	877	4
2368	2396	4
2368	911	4
2368	2397	4
2368	2398	4
2368	2399	4
2368	872	4
2368	281	4
2368	2400	4
2368	878	4
2368	2401	4
2368	875	4
2368	874	4
2368	907	4
2368	2402	4
2368	2403	110
2368	1750	110
2368	2404	110
2368	2405	110
2368	1859	110
2368	2370	115
2368	2369	115
2368	82	114
2368	82	114
2368	2406	117
2368	2407	117
2368	2408	169
2368	2371	108
