1789
UNK	0
12398	1
en	2
74334	3
143782	4
XMLSchema#int	5
5	6
13587	7
29977	8
29731	9
44076	10
40968	11
55700	12
61226	13
728	14
61227	15
30368	16
33534	17
46898	18
38458	19
61176	20
MeninWhite	21
601	22
9202a8c04000641f80000000047968f5	23
148973	24
148979	25
148980	26
148971	27
148975	28
148976	29
148978	30
148968	31
148977	32
148970	33
148974	34
148972	35
148969	36
film	37
82	38
20104	39
4	40
12710	41
31700	42
44800	43
589	44
42768	45
585	46
10117	47
Megaville	48
18945	49
24033	50
144038	51
74410	52
42566	53
5500	54
77413	55
70367	56
43619	57
52344	58
72428	59
71732	60
2661	61
255	62
95	63
9202a8c04000641f80000000047ba60d	64
14299	65
2930	66
BrianaLovesJenna	67
Briana_Loves_Jenna	68
2001,2001-11-27	69
30040	70
39031	71
31497	72
32619	73
70953	74
72536	75
55464	76
72396	77
43285	78
24752	79
6219	80
145197	81
74894	82
5952	83
9896	84
9202a8c04000641f80000000055827c2	85
14438	86
88	87
19886	88
104	89
1972	90
2641	91
10044	92
14630	93
100251	94
140418	95
70478	96
194101	97
100253	98
100255	99
100254	100
100252	101
NowYouSeeHim,NowYouDon't	102
34407	103
31243	104
527	105
31101	106
50788	107
32040	108
33082	109
1167	110
Now_You_See_Him,_Now_You_Don't	111
9202a8c04000641f8000000005596ce8	112
47754	113
6288	114
145301	115
74945	116
43354	117
24821	118
2108	119
2019	120
9452	121
42558	122
32287	123
3355	124
1193	125
2917	126
135864	127
71114	128
85	129
1351	130
2003-06-13	131
Dumb&Dumberer	132
14177	133
698	134
2158	135
16678	136
5946	137
13754	138
7368	139
alias?type=imdbid&s=0329028	140
9202a8c04000641f800000000048fea0	141
tt0329028	142
6220	143
2276	144
15305	145
15304	146
2275	147
9657	148
70982	149
9656	150
9658	151
2381	152
108	153
13288	154
1965	155
What'sNewPussycat?	156
66844	157
49723	158
51265	159
56069	160
50018	161
99761	162
58567	163
What's_New_Pussycat?	164
fr	165
11663	166
alias?type=imdbid&s=0059903	167
9202a8c04000641f80000000004fd9b4	168
tt0059903	169
19753	170
136102	171
1220	172
136101	173
71209	174
38286	175
63261	176
13237	177
15178	178
36799	179
10	180
29679	181
31973	182
30975	183
30463	184
29614	185
375	186
GB	187
2635167	188
154	189
12908	190
4557	191
4357	192
2572	193
9690	194
10936	195
4347	196
4346	197
4344	198
4343	199
118676	200
4345	201
2002-01-11	202
47098	203
34874	204
39434	205
44171	206
44189	207
29669	208
371	209
10869	210
1181	211
318	212
2398	213
86	214
867	215
alias?type=imdbid&s=0303356	216
tt0303356	217
9202a8c04000641f80000000005646e7	218
Biggie&Tupac	219
136276	220
183	221
4053	222
A_Man,_a_Real_One	223
3017382	224
AMan,aRealOne	225
165	226
2003-05-28	227
526	228
632	229
19714	230
FR	231
797	232
23034	233
796	234
9202a8c04000641f80000000007afaba	235
tt0329706	236
alias?type=imdbid&s=0329706	237
20517	238
39050	239
1984	240
137540	241
137539	242
66572	243
120	244
35688	245
1570	246
10974	247
1569	248
777	249
778	250
779	251
84776	252
7390	253
41006	254
377	255
13682	256
1995	257
9202a8c04000641f80000000004af166	258
TheIncrediblyTrueAdventureofTwoGirlsinLove	259
333	260
32228	261
48861	262
32227	263
5748	264
13110	265
19046	266
40960	267
46958	268
38446	269
41408	270
8475	271
35123	272
35120	273
35119	274
35122	275
35121	276
5266	277
29	278
10319	279
TheSpiralStaircase	280
1946-02-06	281
1354	282
16174	283
33562	284
30867	285
36329	286
32009	287
36306	288
9202a8c04000641f8000000000527d33	289
41573	290
56	291
15593	292
16556	293
9077	294
2	295
BrokenLance	296
1954	297
5456	298
5458	299
5454	300
5457	301
5455	302
1708	303
9202a8c04000641f8000000000567f08	304
1166	305
33143	306
32491	307
35936	308
30035	309
29794	310
1835	311
4501	312
1994-07-09	313
Super-WarriorDefeat!!I'mtheOnewho'llWin	314
1396	315
13022	316
5614	317
137895	318
881	319
ja	320
4416	321
4411	322
4414	323
82244	324
4412	325
4409	326
4410	327
4415	328
4408	329
4413	330
3887	331
47808	332
34160	333
34497	334
42282	335
40928	336
33932	337
35586	338
35096	339
35093	340
1545	341
50	342
9202a8c04000641f8000000000867897	343
5232	344
2475	345
2954	346
1942-10-23	347
21023	348
138483	349
2490	350
39556	351
5240	352
9202a8c04000641f80000000009746be	353
tt0035096	354
alias?type=imdbid&s=0035096	355
30	356
The_Mummy's_Tomb	357
TheMummy'sTomb	358
5226	359
5326	360
2035	361
192397	362
33556	363
95522	364
79968	365
33557	366
5155	367
61	368
30295	369
36482	370
46810	371
43277	372
55256	373
7260	374
6191	375
61136	376
139288	377
JP	378
14150	379
1983-10-12	380
1861060	381
8972	382
87740	383
25385	384
25386	385
25387	386
SatomiHakkenden	387
tt0086244	388
alias?type=imdbid&s=0086244	389
9202a8c04000641f8000000000abf0a2	390
4154	391
14066	392
5444	393
180	394
1122	395
136	396
34973	397
44257	398
32168	399
36373	400
6213	401
1990-02-15	402
139299	403
39963	404
21430	405
2897	406
55701	407
72470	408
TheHandmaid'sTale	409
4082	410
0771008139	411
40287	412
31802	413
31801	414
31800	415
152723	416
31803	417
118941	418
30559	419
35239	420
30004	421
31745	422
52659	423
47463	424
33031	425
23	426
8599	427
8982	428
The_Handmaid's_Tale_(film)	429
11068	430
1292	431
13441	432
13572	433
109	434
9202a8c04000641f8000000000ac8dbc	435
tt0099731	436
alias?type=imdbid&s=0099731	437
281	438
1656	439
94	440
6866	441
6468	442
17242	443
2007	444
73576	445
43526	446
55985	447
Magnum,P.I.	448
tt0756681	449
9202a8c04000641f8000000000b3087f	450
alias?type=imdbid&s=0756681	451
11092	452
11328	453
32753	454
35595	455
49301	456
21528	457
139511	458
2995	459
40061	460
Magnum,_P.I.	461
70866	462
144085	463
144088	464
144091	465
144086	466
144089	467
144090	468
144087	469
812	470
RoutineCheckUps4	471
59936	472
60321	473
59932	474
60309	475
60310	476
60322	477
59938	478
368	479
197	480
2006	481
9202a8c04000641f8000000009f30a4b	482
7348	483
7347	484
15854	485
1983	486
872	487
Bill:OnHisOwn	488
tt0085247	489
alias?type=imdbid&s=0085247	490
9202a8c04000641f8000000000c6ae93	491
100	492
1389	493
4371	494
4369	495
4370	496
4368	497
159456	498
4367	499
140209	500
46165	501
29477	502
29778	503
30837	504
38081	505
30114	506
7963	507
TheAftermath	508
9202a8c04000641f8000000000d192d4	509
alias?type=imdbid&s=0758789	510
tt0758789	511
29135	512
29134	513
29132	514
29133	515
29131	516
11682	517
36466	518
37594	519
32015	520
37715	521
31908	522
692	523
4850	524
997	525
1709	526
140699	527
63652	528
72987	529
11639	530
8446	531
31581	532
32793	533
29405	534
11436	535
73136	536
141053	537
114	538
36	539
3604	540
5959	541
1174	542
15	543
3287	544
2112	545
2113	546
110	547
alias?type=imdbid&s=0120751	548
9202a8c04000641f8000000000db9872	549
tt0120751	550
5196	551
4592	552
MightyJoeYoung	553
157	554
1998-12-25	555
4184	556
19600	557
19601	558
173853	559
5652	560
10100	561
40914	562
40146	563
90531	564
96870	565
1159	566
11719	567
88229	568
63031	569
3535	570
12281	571
70633	572
42868	573
1160	574
23866	575
66097	576
48179	577
13196	578
44846	579
63785	580
96598	581
Person	582
director	583
9202a8c04000641f8000000000535fbd	584
AbelFerrara(Director)	585
AbelFerrara	586
10846	587
95114	588
84413	589
91121	590
91749	591
93001	592
83511	593
74508	594
84412	595
83482	596
93002	597
84415	598
92998	599
96162	600
92999	601
84414	602
85570	603
84411	604
84416	605
95113	606
93000	607
92047	608
PaulMorris(Director)	609
PaulMorris	610
9202a8c04000641f800000000073a82c	611
29369	612
9202a8c04000641f8000000000006567	613
ArnoldSchwarzenegger(Actor)	614
ArnoldSchwarzenegger	615
48657	616
130707	617
27714	618
37111	619
16696	620
15940	621
172514	622
10231	623
45946	624
7173	625
3688	626
122075	627
7258	628
108170	629
170732	630
71211	631
155111	632
24196	633
23316	634
28803	635
108573	636
37403	637
17411	638
7289	639
66980	640
42948	641
35380	642
37548	643
28799	644
24169	645
24035	646
153297	647
150932	648
10139	649
28975	650
actor	651
39464	652
979	653
2078	654
59172	655
584	656
39119	657
43683	658
3296	659
2105	660
39882	661
1346	662
33	663
40490	664
9876	665
4477	666
40930	667
39250	668
44002	669
54780	670
5167	671
8441	672
40118	673
5235	674
38324	675
38490	676
578	677
2200	678
65937	679
38151	680
38231	681
40536	682
705	683
30569	684
9202a8c04000641f800000000012b866	685
2047	686
247	687
38266	688
2740	689
42278	690
16872	691
9931	692
87696	693
43033	694
42844	695
9082	696
38338	697
42707	698
38250	699
40001	700
18912	701
41701	702
38394	703
8292	704
6550	705
38512	706
ElsaLanchester(Actor)	707
ElsaLanchester	708
20716	709
74576	710
169470	711
5261	712
39259	713
53263	714
19149	715
98114	716
28916	717
17410	718
174234	719
34432	720
39427	721
61810	722
31471	723
94475	724
20360	725
34274	726
177204	727
22297	728
63428	729
30598	730
16960	731
2274	732
41317	733
10336	734
2338	735
53197	736
93349	737
13855	738
2042	739
38576	740
14368	741
19656	742
61927	743
47332	744
54618	745
40935	746
42713	747
18780	748
10692	749
42230	750
9202a8c04000641f800000000012d8fa	751
TomCourtenay	752
113132	753
92512	754
54247	755
70134	756
91930	757
38982	758
74228	759
114228	760
4392	761
94391	762
173836	763
125941	764
17700	765
136030	766
197795	767
64560	768
17432	769
55450	770
70920	771
183968	772
71338	773
30832	774
TomCourtenay(Actor)	775
31707	776
MargaretColin	777
MargaretColin(Actor)	778
62913	779
1924	780
1848	781
46293	782
49012	783
1763	784
1253	785
57526	786
63987	787
95531	788
73	789
6852	790
3298	791
88430	792
96027	793
87924	794
80435	795
42133	796
127332	797
4756	798
37390	799
83508	800
128910	801
184537	802
15213	803
119763	804
9202a8c04000641f80000000001d8847	805
32500	806
ByronLong(Actor)	807
75102	808
75105	809
75108	810
75087	811
75096	812
75092	813
75093	814
75090	815
75094	816
75088	817
75091	818
75099	819
75103	820
75106	821
75089	822
75097	823
75104	824
75098	825
75107	826
75100	827
75095	828
75101	829
152809	830
152802	831
152805	832
152811	833
152810	834
152818	835
152819	836
152822	837
152812	838
152813	839
152808	840
152817	841
152816	842
152820	843
152803	844
152815	845
152801	846
152814	847
152806	848
152807	849
152804	850
152821	851
9202a8c04000641f800000000026d739	852
ByronLong	853
32648	854
12047	855
24490	856
63080	857
60878	858
56333	859
64477	860
54902	861
1531	862
62972	863
59061	864
62997	865
2473	866
61816	867
49130	868
121912	869
132536	870
127572	871
129624	872
127454	873
127422	874
21380	875
114399	876
125790	877
10267	878
124479	879
105895	880
68310	881
TomokazuSeki(Actor)	882
9202a8c04000641f800000000028c1a8	883
TomokazuSeki	884
33137	885
MauriceLaMarche(Actor)	886
9202a8c04000641f80000000002dddf0	887
9051	888
49090	889
51303	890
44641	891
58732	892
20143	893
2823	894
5345	895
6924	896
10705	897
49928	898
6435	899
1040	900
63352	901
39014	902
84209	903
1559	904
10643	905
41605	906
1652	907
4108	908
6195	909
20144	910
57845	911
19674	912
MauriceLaMarche	913
36966	914
77791	915
28709	916
89309	917
85285	918
149684	919
171205	920
169956	921
120193	922
127956	923
77497	924
80562	925
111174	926
145535	927
76814	928
100820	929
74259	930
58545	931
76487	932
7116	933
171204	934
136134	935
92543	936
121429	937
93828	938
61135	939
34577	940
9202a8c04000641f80000000003be85d	941
43959	942
22244	943
40313	944
64965	945
40312	946
40275	947
124550	948
178186	949
40276	950
119836	951
120141	952
48963	953
40281	954
39205	955
10004	956
5509	957
42370	958
1044	959
6563	960
15764	961
7238	962
57806	963
6025	964
57576	965
87493	966
60932	967
JamesNaughton	968
JamesNaughton(Actor)	969
36141	970
FrancisNg	971
FrancisNg(Actor)	972
50061	973
88474	974
60580	975
128183	976
107587	977
57193	978
57903	979
88060	980
122860	981
77142	982
131718	983
160521	984
65403	985
140336	986
83973	987
36053	988
58524	989
66281	990
129784	991
61076	992
115451	993
92016	994
41076	995
14139	996
19139	997
11547	998
59733	999
23695	1000
8731	1001
16513	1002
64450	1003
19963	1004
8548	1005
40637	1006
46460	1007
63495	1008
16976	1009
13144	1010
49795	1011
15021	1012
76933	1013
57086	1014
13700	1015
10853	1016
9202a8c04000641f80000000004d578b	1017
38225	1018
DanteBasco	1019
122675	1020
152327	1021
121760	1022
44873	1023
187452	1024
123155	1025
184389	1026
30620	1027
83942	1028
82695	1029
77341	1030
10502	1031
28513	1032
84005	1033
120534	1034
905	1035
58958	1036
5215	1037
41946	1038
45096	1039
47819	1040
59934	1041
46420	1042
58102	1043
94383	1044
11541	1045
1393	1046
96372	1047
59607	1048
DanteBasco(Actor)	1049
9202a8c04000641f8000000000646474	1050
38875	1051
JamesHong(Actor)	1052
67745	1053
4330	1054
47271	1055
72098	1056
113076	1057
133703	1058
53338	1059
108710	1060
42430	1061
114086	1062
84785	1063
169477	1064
76195	1065
174190	1066
21286	1067
103177	1068
178390	1069
182041	1070
114242	1071
46588	1072
186592	1073
284	1074
38069	1075
87571	1076
2933	1077
87891	1078
18940	1079
53144	1080
7150	1081
48683	1082
91405	1083
42553	1084
3162	1085
54426	1086
22495	1087
11392	1088
56456	1089
39946	1090
38232	1091
13832	1092
4180	1093
54637	1094
48681	1095
9202a8c04000641f80000000006b3a0f	1096
JamesHong	1097
12260	1098
39725	1099
73597	1100
3386	1101
41807	1102
2391	1103
16197	1104
1734	1105
7122	1106
45680	1107
3633	1108
1773	1109
1073	1110
38615	1111
43841	1112
44657	1113
2116	1114
TomHollander(Actor)	1115
TomHollander	1116
85137	1117
76021	1118
23395	1119
17353	1120
115310	1121
22859	1122
79066	1123
629	1124
83099	1125
76420	1126
90120	1127
3908	1128
85850	1129
22849	1130
149302	1131
59230	1132
9202a8c04000641f800000000072977e	1133
416	1134
FredC.Newmeyer	1135
66506	1136
44849	1137
25006	1138
66469	1139
16516	1140
55669	1141
24605	1142
45424	1143
209	1144
8672	1145
5711	1146
48957	1147
93242	1148
57112	1149
40871	1150
52376	1151
66749	1152
21577	1153
21167	1154
57862	1155
57373	1156
94441	1157
7007	1158
FredC.Newmeyer(Director)	1159
9202a8c04000641f8000000000b97495	1160
43265	1161
28494	1162
97710	1163
4223	1164
96920	1165
90388	1166
16535	1167
5665	1168
1151	1169
97598	1170
4944	1171
97580	1172
27993	1173
2233	1174
112467	1175
98848	1176
99365	1177
18647	1178
25257	1179
97468	1180
108901	1181
97513	1182
21553	1183
4928	1184
112511	1185
97677	1186
131763	1187
134717	1188
106569	1189
15485	1190
2977	1191
97992	1192
101674	1193
113342	1194
12082	1195
98467	1196
97823	1197
97181	1198
91877	1199
4237	1200
2837	1201
97199	1202
97377	1203
2643	1204
100710	1205
96986	1206
16429	1207
4226	1208
22374	1209
98998	1210
132033	1211
2850	1212
26675	1213
3432	1214
23120	1215
38255	1216
2940	1217
112831	1218
99072	1219
97463	1220
91417	1221
96992	1222
97867	1223
120532	1224
38303	1225
12295	1226
106575	1227
98388	1228
26321	1229
97068	1230
39632	1231
112911	1232
122855	1233
96848	1234
101962	1235
98344	1236
97279	1237
134773	1238
112203	1239
6389	1240
108900	1241
97494	1242
21685	1243
98730	1244
38233	1245
98604	1246
91764	1247
97406	1248
97400	1249
113311	1250
98182	1251
23126	1252
97446	1253
111280	1254
3029	1255
108926	1256
122850	1257
104800	1258
27568	1259
14559	1260
12792	1261
47951	1262
21264	1263
8920	1264
48646	1265
48396	1266
8503	1267
8089	1268
7219	1269
12329	1270
48813	1271
48207	1272
7447	1273
13355	1274
7242	1275
50637	1276
20740	1277
50542	1278
52946	1279
48811	1280
42678	1281
52996	1282
48320	1283
48538	1284
59726	1285
11148	1286
59730	1287
50107	1288
6930	1289
49378	1290
58100	1291
49290	1292
50551	1293
8426	1294
5467	1295
48418	1296
46878	1297
21521	1298
49833	1299
15555	1300
18931	1301
52243	1302
56788	1303
52970	1304
47207	1305
45412	1306
8086	1307
53444	1308
10872	1309
47442	1310
8115	1311
48536	1312
13585	1313
48310	1314
17852	1315
49298	1316
49380	1317
9039	1318
48691	1319
47369	1320
8912	1321
9056	1322
18684	1323
8533	1324
49586	1325
11941	1326
48529	1327
19611	1328
57025	1329
8721	1330
42140	1331
11371	1332
46728	1333
6708	1334
42051	1335
53089	1336
49734	1337
44042	1338
48527	1339
49558	1340
44040	1341
52581	1342
23798	1343
1826	1344
48047	1345
19416	1346
44818	1347
7970	1348
48067	1349
50248	1350
10513	1351
8442	1352
7969	1353
11020	1354
53419	1355
18667	1356
52489	1357
48775	1358
8994	1359
9202a8c04000641f80000000009cdb83	1360
PrakashRaj(Actor)	1361
PrakashRaj	1362
52869	1363
SaraBerner	1364
145337	1365
197575	1366
149931	1367
168659	1368
141962	1369
147548	1370
145366	1371
145202	1372
145694	1373
145237	1374
145767	1375
149944	1376
SaraBerner(Actor)	1377
9202a8c04000641f8000000006b4f1f3	1378
44517	1379
38388	1380
43693	1381
50896	1382
83088	1383
48308	1384
12950	1385
1288	1386
14907	1387
12394	1388
40943	1389
15323	1390
62725	1391
9202a8c04000641f800000000b91415f	1392
RodDaily	1393
RodDaily(Actor)	1394
83479	1395
83452	1396
78626	1397
73676	1398
75057	1399
84979	1400
81274	1401
97147	1402
86296	1403
82265	1404
75121	1405
85082	1406
73677	1407
97520	1408
81918	1409
83968	1410
82264	1411
158778	1412
171445	1413
158783	1414
161551	1415
158782	1416
168338	1417
168400	1418
170153	1419
173697	1420
169257	1421
165873	1422
168416	1423
173723	1424
189411	1425
188409	1426
158784	1427
170221	1428
67878	1429
DevynFoster(Actor)	1430
DevynFoster	1431
190517	1432
190522	1433
190521	1434
190519	1435
190527	1436
190508	1437
190515	1438
190516	1439
190518	1440
190513	1441
190514	1442
190520	1443
190528	1444
190524	1445
190525	1446
190526	1447
190523	1448
190534	1449
86571	1450
86572	1451
86568	1452
86574	1453
81568	1454
92131	1455
91044	1456
86660	1457
86573	1458
89760	1459
86231	1460
86575	1461
86219	1462
89937	1463
81675	1464
86336	1465
83551	1466
86333	1467
9202a8c04000641f8000000012ca2cfe	1468
22494	1469
8669	1470
45707	1471
4901	1472
46161	1473
46058	1474
15228	1475
23877	1476
85702	1477
39853	1478
43099	1479
49262	1480
43047	1481
64122	1482
RingoLam(Director)	1483
9202a8c04000641f80000000000ac6c9	1484
RingoLam	1485
1338	1486
5782	1487
31	1488
70819	1489
135199	1490
37782	1491
19249	1492
716	1493
27085	1494
27088	1495
119395	1496
27087	1497
27089	1498
186775	1499
27086	1500
5683	1501
34294	1502
33729	1503
31772	1504
36188	1505
32175	1506
Soldier	1507
7073	1508
77	1509
99	1510
1998-10-23	1511
9202a8c04000641f8000000000333908	1512
alias?type=imdbid&s=0120157	1513
tt0120157	1514
Soldier_(film)	1515
16216	1516
11454	1517
3482	1518
4492	1519
12796	1520
4491	1521
612	1522
16986	1523
AnythingGoes	1524
Anything_Goes_(film)	1525
147317	1526
7483	1527
26016	1528
75652	1529
44549	1530
5972	1531
16079	1532
14754	1533
14938	1534
8590	1535
tt0048954	1536
alias?type=imdbid&s=0048954	1537
9202a8c04000641f80000000056c9d19	1538
11463	1539
1936-01-24	1540
92	1541
91023	1542
91024	1543
61682	1544
91025	1545
3033	1546
49568	1547
31945	1548
33542	1549
30204	1550
32395	1551
9	1552
5826	1553
9794	1554
44555	1555
2003	1556
3493	1557
IN	1558
38848	1559
38110	1560
32234	1561
35203	1562
48792	1563
39854	1564
41757	1565
33140	1566
49768	1567
36969	1568
40768	1569
37687	1570
35202	1571
34357	1572
34656	1573
34655	1574
35028	1575
38898	1576
35616	1577
37055	1578
31866	1579
41401	1580
684	1581
3011	1582
1723	1583
9202a8c04000641f80000000008dd9e3	1584
5941	1585
3418	1586
LOCKargil	1587
82709	1588
85656	1589
18195	1590
87999	1591
84668	1592
88253	1593
77447	1594
18190	1595
80267	1596
88214	1597
80354	1598
65578	1599
84248	1600
192316	1601
18188	1602
18191	1603
107344	1604
18194	1605
76264	1606
18193	1607
18189	1608
18192	1609
5926	1610
1269750	1611
49	1612
270	1613
43	1614
Chang	1615
alias?type=imdbid&s=0017743	1616
9202a8c04000641f80000000000560b5	1617
tt0017743	1618
1927,1927-04-29	1619
70238	1620
133988	1621
18034	1622
40	1623
64	1624
14503	1625
4642	1626
37	1627
198	1628
5089	1629
17201	1630
5356	1631
2426	1632
20959	1633
39492	1634
62028	1635
138363	1636
91	1637
1946	1638
465	1639
33879	1640
33877	1641
33878	1642
TheOverlanders	1643
7704	1644
7703	1645
40417	1646
2486	1647
13995	1648
AU	1649
10678	1650
2117	1651
2077456	1652
4984	1653
alias?type=imdbid&s=0038821	1654
9202a8c04000641f8000000000942ce9	1655
tt0038821	1656
1456	1657
The_Overlanders_(film)	1658
7327	1659
14418	1660
MackV.Wright(Director)	1661
MackV.Wright	1662
45182	1663
24459	1664
19433	1665
21357	1666
24460	1667
24940	1668
25028	1669
25030	1670
19751	1671
11164	1672
19747	1673
19259	1674
19744	1675
24448	1676
11165	1677
9202a8c04000641f8000000005b5f33c	1678
30423	1679
RowanAtkinson(Actor)	1680
32909	1681
16031	1682
25634	1683
49737	1684
11653	1685
41087	1686
115590	1687
107500	1688
23991	1689
57702	1690
41088	1691
14365	1692
191309	1693
3785	1694
43952	1695
108617	1696
16484	1697
18468	1698
RowanAtkinson	1699
9202a8c04000641f800000000011db88	1700
39079	1701
39545	1702
1849	1703
39279	1704
4748	1705
43940	1706
39334	1707
2382	1708
1254	1709
40703	1710
900	1711
38094	1712
45913	1713
44347	1714
39533	1715
38496	1716
7069	1717
10072	1718
47032	1719
91100	1720
45160	1721
184656	1722
83567	1723
184809	1724
134547	1725
75295	1726
198141	1727
67713	1728
115382	1729
146941	1730
114368	1731
95572	1732
13716	1733
20724	1734
70465	1735
95541	1736
53299	1737
17222	1738
47737	1739
53825	1740
98212	1741
54847	1742
11393	1743
ColumbusShort	1744
9202a8c04000641f8000000000d56ae3	1745
ColumbusShort(Actor)	1746
47469	1747
AliceBraga	1748
59117	1749
123172	1750
91784	1751
108924	1752
70346	1753
18592	1754
187510	1755
186417	1756
137673	1757
159886	1758
79634	1759
85196	1760
59947	1761
18729	1762
23446	1763
944	1764
96426	1765
67438	1766
10791	1767
83977	1768
7756	1769
8961	1770
18644	1771
19258	1772
9202a8c04000641f8000000000dc5776	1773
AliceBraga(Actor)	1774
8424	1775
JamesCameron(Director)	1776
JamesCameron	1777
9202a8c04000641f800000000001fdcc	1778
72	1779
38211	1780
40972	1781
17780	1782
42629	1783
46687	1784
556	1785
4786	1786
5622	1787
4673	1788
